32 32

20 19 25 21 15 27 25 22 15 16 29 31 27 15 21 25 32 27 15 29 17 22 18 20 22 26 22 18 21 29 20 29 
24 19 25 22 21 25 15 15 16 20 16 31 29 19 21 22 32 17 22 22 31 18 22 32 25 15 19 31 24 19 22 29 
16 24 18 31 30 17 27 20 31 29 31 17 32 25 21 18 30 32 23 17 18 24 17 28 21 27 25 31 29 21 28 17 
29 25 23 29 1 1 1 1 29 30 18 31 18 18 26 20 32 32 25 32 15 32 25 19 17 30 19 23 24 30 21 32 
30 32 32 1 1 1 1 1 1 19 23 21 27 32 28 28 21 16 29 21 26 29 27 29 20 21 19 27 29 25 21 27 
29 31 1 1 1 1 1 1 1 1 23 20 30 24 16 21 20 17 31 25 18 27 20 19 21 16 23 28 16 25 27 20 
16 16 1 1 1 1 1 1 1 1 26 24 16 25 18 22 22 22 31 30 15 20 25 26 31 17 21 23 32 30 20 32 
28 17 1 1 1 1 1 1 1 1 28 28 27 22 19 25 15 30 25 28 17 17 16 22 27 32 15 18 25 31 30 16 
32 28 1 1 1 1 1 1 1 1 27 26 18 18 26 15 16 17 18 28 25 19 25 16 30 27 21 30 32 24 18 26 
27 20 22 1 1 1 1 1 1 24 28 28 31 16 25 27 17 20 27 30 27 28 15 29 17 25 25 30 21 17 21 17 
26 27 18 32 1 1 1 1 25 22 28 32 31 23 27 19 23 17 26 18 16 16 21 31 31 16 25 19 25 24 25 22 
17 17 21 26 30 19 23 28 27 17 19 26 22 21 30 24 32 22 26 21 32 25 21 23 21 30 29 17 28 17 30 26 
24 25 22 19 17 16 18 22 18 29 22 28 19 15 26 15 19 19 27 23 23 21 17 20 28 15 25 18 29 31 15 22 
20 28 17 23 17 31 19 17 23 32 15 28 20 18 32 25 23 25 23 22 17 28 26 16 27 29 15 19 31 18 31 18 
32 18 30 18 28 22 16 30 31 20 24 17 29 16 17 16 31 16 15 27 24 25 17 28 28 24 22 28 20 23 32 22 
29 16 22 29 22 16 28 26 25 30 18 28 26 32 31 16 20 20 23 28 24 28 32 23 16 27 24 19 28 27 24 27 
19 22 32 15 15 28 32 17 20 20 17 26 15 22 23 23 23 23 21 17 30 24 20 25 15 28 23 31 31 30 30 16 
31 26 26 24 28 24 16 26 21 17 20 26 22 28 20 30 27 29 20 30 16 15 26 31 20 17 18 26 15 19 23 16 
23 30 32 30 23 21 29 22 25 32 19 30 17 28 16 31 17 29 17 28 23 31 24 20 25 17 22 28 22 20 25 23 
25 31 23 28 23 15 21 29 21 24 28 22 24 20 16 32 30 32 18 19 19 24 26 25 27 31 15 19 28 16 23 18 
24 29 23 23 24 26 22 24 30 21 30 32 17 19 22 24 17 26 29 21 20 1 1 1 1 21 23 17 18 21 18 20 
22 30 22 15 24 16 18 20 29 19 26 21 20 23 28 16 23 26 17 23 1 1 1 1 1 1 28 23 21 29 20 19 
31 22 31 25 28 29 27 31 22 20 26 16 19 21 26 29 28 19 29 1 1 1 1 1 1 1 1 30 15 21 20 22 
20 23 17 24 22 30 23 30 20 18 32 16 21 30 28 26 27 15 17 1 1 1 1 1 1 1 1 32 15 29 24 26 
32 20 30 15 17 29 18 22 17 31 19 21 16 29 30 21 22 31 31 1 1 1 1 1 1 1 1 29 32 21 20 24 
30 15 20 30 16 27 28 23 18 25 23 27 31 27 31 27 30 22 29 1 1 1 1 1 1 1 1 31 24 30 24 20 
19 20 32 25 15 17 23 32 15 30 19 16 30 22 18 27 19 30 16 15 1 1 1 1 1 1 28 30 24 21 28 22 
21 21 28 30 18 32 20 16 23 23 15 29 30 21 21 27 32 17 17 26 16 1 1 1 1 27 17 25 22 16 26 31 
28 16 27 32 19 23 19 23 28 20 21 24 17 31 27 17 22 17 22 17 19 20 19 26 27 17 23 22 16 23 27 23 
29 15 17 29 28 26 31 16 22 31 22 15 18 15 31 26 28 32 19 28 16 31 16 31 29 31 16 17 20 28 32 28 
18 32 32 25 27 20 26 20 32 23 25 23 32 18 24 26 29 29 25 27 26 30 15 15 16 18 24 31 20 28 31 26 
21 26 29 21 30 26 17 21 19 26 24 22 19 32 29 17 20 30 26 27 28 32 25 21 18 32 26 22 24 18 26 20 

1 1 1 1 1 1 1 1 1 1 1 1 1 1 1 1 1 1 1 1 1 1 1 1 1 1 1 1 1 1 1 1 
1 1 1 1 1 1 1 1 1 1 1 1 1 1 1 1 1 1 1 1 1 1 1 1 1 1 1 1 1 1 1 1 
1 1 1 1 1 1 1 1 1 1 1 1 1 1 1 1 1 1 1 1 1 1 1 1 1 1 1 1 1 1 1 1 
1 1 1 1 27 30 27 31 1 1 1 1 1 1 1 1 1 1 1 1 1 1 1 1 1 1 1 1 1 1 1 1 
1 1 1 16 18 25 17 19 16 1 1 1 1 1 1 1 1 1 1 1 1 1 1 1 1 1 1 1 1 1 1 1 
1 1 18 18 20 17 16 15 16 29 1 1 1 1 1 1 1 1 1 1 1 1 1 1 1 1 1 1 1 1 1 1 
1 1 29 32 19 19 17 17 26 25 1 1 1 1 1 1 1 1 1 1 1 1 1 1 1 1 1 1 1 1 1 1 
1 1 25 30 29 15 15 24 30 21 1 1 1 1 1 1 1 1 1 1 1 1 1 1 1 1 1 1 1 1 1 1 
1 1 15 31 17 28 30 17 21 21 1 1 1 1 1 1 1 1 1 1 1 1 1 1 1 1 1 1 1 1 1 1 
1 1 1 15 25 16 22 30 21 1 1 1 1 1 1 1 1 1 1 1 1 1 1 1 1 1 1 1 1 1 1 1 
1 1 1 1 22 17 19 22 1 1 1 1 1 1 1 1 1 1 1 1 1 1 1 1 1 1 1 1 1 1 1 1 
1 1 1 1 1 1 1 1 1 1 1 1 1 1 1 1 1 1 1 1 1 1 1 1 1 1 1 1 1 1 1 1 
1 1 1 1 1 1 1 1 1 1 1 1 1 1 1 1 1 1 1 1 1 1 1 1 1 1 1 1 1 1 1 1 
1 1 1 1 1 1 1 1 1 1 1 1 1 1 1 1 1 1 1 1 1 1 1 1 1 1 1 1 1 1 1 1 
1 1 1 1 1 1 1 1 1 1 1 1 1 1 1 1 1 1 1 1 1 1 1 1 1 1 1 1 1 1 1 1 
1 1 1 1 1 1 1 1 1 1 1 1 1 1 1 1 1 1 1 1 1 1 1 1 1 1 1 1 1 1 1 1 
1 1 1 1 1 1 1 1 1 1 1 1 1 1 1 1 1 1 1 1 1 1 1 1 1 1 1 1 1 1 1 1 
1 1 1 1 1 1 1 1 1 1 1 1 1 1 1 1 1 1 1 1 1 1 1 1 1 1 1 1 1 1 1 1 
1 1 1 1 1 1 1 1 1 1 1 1 1 1 1 1 1 1 1 1 1 1 1 1 1 1 1 1 1 1 1 1 
1 1 1 1 1 1 1 1 1 1 1 1 1 1 1 1 1 1 1 1 1 1 1 1 1 1 1 1 1 1 1 1 
1 1 1 1 1 1 1 1 1 1 1 1 1 1 1 1 1 1 1 1 1 22 21 29 25 1 1 1 1 1 1 1 
1 1 1 1 1 1 1 1 1 1 1 1 1 1 1 1 1 1 1 1 15 17 26 24 24 18 1 1 1 1 1 1 
1 1 1 1 1 1 1 1 1 1 1 1 1 1 1 1 1 1 1 27 28 20 31 32 15 26 23 1 1 1 1 1 
1 1 1 1 1 1 1 1 1 1 1 1 1 1 1 1 1 1 1 19 24 22 15 20 23 27 27 1 1 1 1 1 
1 1 1 1 1 1 1 1 1 1 1 1 1 1 1 1 1 1 1 26 22 25 20 25 29 30 24 1 1 1 1 1 
1 1 1 1 1 1 1 1 1 1 1 1 1 1 1 1 1 1 1 28 24 27 25 18 30 19 32 1 1 1 1 1 
1 1 1 1 1 1 1 1 1 1 1 1 1 1 1 1 1 1 1 1 30 15 27 22 27 17 1 1 1 1 1 1 
1 1 1 1 1 1 1 1 1 1 1 1 1 1 1 1 1 1 1 1 1 29 24 17 31 1 1 1 1 1 1 1 
1 1 1 1 1 1 1 1 1 1 1 1 1 1 1 1 1 1 1 1 1 1 1 1 1 1 1 1 1 1 1 1 
1 1 1 1 1 1 1 1 1 1 1 1 1 1 1 1 1 1 1 1 1 1 1 1 1 1 1 1 1 1 1 1 
1 1 1 1 1 1 1 1 1 1 1 1 1 1 1 1 1 1 1 1 1 1 1 1 1 1 1 1 1 1 1 1 
1 1 1 1 1 1 1 1 1 1 1 1 1 1 1 1 1 1 1 1 1 1 1 1 1 1 1 1 1 1 1 1 

1 12 10 12 18 1 24 11 1 21 1 13 12 11 26 28 21 10 13 25 17 26 1 1 25 24 18 28 13 27 28 
26 23 26 1 22 29 1 1 19 29 18 1 29 1 1 18 29 19 1 29 13 27 26 14 17 25 26 18 19 23 21 
17 21 22 1 19 29 21 26 1 1 25 26 17 29 25 23 1 15 20 1 18 27 13 21 23 1 16 1 25 26 13 
18 1 10 17 12 19 27 21 1 15 19 12 1 10 23 15 1 16 28 23 24 22 27 1 19 18 28 1 13 22 20 
1 1 10 1 22 29 1 18 27 10 1 22 16 27 1 22 26 21 16 24 13 1 1 17 1 1 23 1 16 21 14 
1 25 1 1 28 1 1 1 25 14 19 14 17 13 27 1 26 24 27 16 25 22 1 1 26 12 17 23 26 1 11 
1 25 19 21 1 1 1 14 1 24 1 20 25 18 12 1 1 11 1 20 22 17 1 29 15 12 1 14 1 12 23 
17 11 16 1 27 1 29 21 28 25 1 1 10 19 26 25 17 21 25 29 1 1 20 26 18 17 17 27 13 1 15 
12 21 28 18 12 1 27 14 1 16 1 22 1 19 26 1 1 1 10 25 29 12 13 20 18 10 29 1 11 27 27 
22 1 13 23 24 26 10 24 24 10 1 15 10 27 1 21 14 14 11 28 1 11 29 15 11 1 10 16 21 26 19 
1 14 12 22 25 1 20 15 16 13 14 1 21 17 23 12 16 29 19 1 1 11 14 1 18 21 22 14 1 1 28 
1 14 27 28 12 22 16 1 11 1 19 13 1 15 13 20 23 27 20 10 28 27 1 1 14 1 23 17 10 29 14 
1 22 27 1 1 1 14 27 29 11 21 22 22 10 25 29 1 15 23 1 1 13 20 14 28 15 16 29 1 10 21 
13 29 17 19 10 13 1 21 25 27 14 27 1 23 19 1 1 1 1 19 21 1 29 25 1 14 25 23 23 28 29 
26 27 28 27 25 16 27 1 22 15 14 16 20 1 1 10 17 1 13 19 1 11 19 1 27 1 18 17 19 12 15 
13 21 15 26 19 21 1 1 10 10 27 1 26 1 15 22 1 14 26 22 16 16 12 28 21 26 10 20 1 28 29 
13 28 18 1 11 17 11 16 1 20 13 23 26 1 1 1 1 1 15 14 12 17 29 24 22 26 22 1 1 1 27 
29 1 1 24 29 23 14 24 28 14 28 19 10 21 23 18 1 16 19 16 1 15 26 10 10 1 17 19 16 26 20 
14 1 1 23 1 11 18 21 10 21 14 16 23 24 12 23 20 10 23 14 13 20 28 12 16 27 23 16 1 19 1 
25 20 29 10 18 15 16 28 27 20 19 1 18 26 17 1 1 25 1 1 27 1 1 1 19 14 23 10 13 14 27 
24 11 1 1 1 29 1 26 26 19 1 26 1 20 1 13 25 13 14 1 24 1 26 22 23 1 28 1 10 29 1 
25 12 27 22 16 1 1 16 27 18 17 1 21 23 27 29 13 27 23 10 1 21 1 1 11 14 17 1 23 24 1 
29 27 10 13 1 1 17 19 1 14 29 18 1 13 13 1 16 23 26 1 25 17 1 28 22 29 15 12 29 1 1 
18 17 11 1 15 21 17 28 1 25 27 19 29 1 1 1 24 1 17 25 1 16 11 29 24 1 27 20 12 16 1 
13 19 26 1 13 12 21 24 22 17 1 10 13 1 15 1 16 1 12 18 15 22 13 22 1 27 25 20 14 1 15 
18 19 15 28 14 1 13 26 13 1 16 17 16 13 15 10 20 21 17 16 14 1 18 22 27 19 23 24 26 10 29 
1 29 23 22 1 17 11 16 24 27 18 26 19 27 21 13 27 11 1 20 22 29 29 21 23 26 1 29 27 16 18 
1 10 1 21 19 15 25 12 1 23 28 1 17 1 25 15 26 1 26 29 25 24 15 20 24 22 14 15 25 14 23 
28 20 26 16 12 12 15 15 18 1 16 25 15 15 18 25 28 26 12 1 1 1 16 1 11 14 1 17 28 23 12 
21 1 18 1 1 17 23 12 13 22 26 10 29 26 18 1 27 21 27 12 18 16 25 1 1 13 1 15 16 14 14 
15 1 10 1 11 18 15 26 22 1 1 18 25 13 1 16 1 23 1 1 11 23 1 1 1 29 20 24 17 14 12 
20 29 18 22 27 28 23 1 27 1 1 29 12 26 21 23 14 27 1 1 22 11 17 12 16 21 24 1 12 25 17 

50 6 5 4 44 5 11 37 3 25 22 3 6 32 4 30 5 16 28 56 23 31 12 47 42 55 35 33 14 44 3 5 
33 27 12 34 54 38 16 45 22 20 38 33 54 54 6 21 3 14 6 14 35 24 51 58 31 41 49 4 57 6 53 58 
47 4 46 3 56 42 14 48 4 4 43 35 53 31 11 4 5 3 5 39 27 42 58 44 27 12 42 58 24 40 25 24 
6 12 29 21 33 50 20 55 23 25 29 41 37 18 4 16 23 43 13 30 44 40 3 25 53 20 6 40 23 37 3 17 
5 3 38 6 3 45 5 42 5 53 5 5 56 25 24 38 5 6 5 21 31 6 12 22 5 53 26 3 47 3 36 13 
34 34 15 52 3 5 5 5 33 19 17 48 50 6 6 6 6 42 4 36 24 27 30 59 44 3 4 23 14 41 24 44 
20 4 54 4 39 18 6 58 45 37 6 19 33 34 3 11 22 38 16 3 3 37 10 44 27 13 27 38 29 4 50 12 
22 24 48 6 14 20 11 34 55 3 4 5 46 15 30 30 4 51 53 5 43 3 29 37 59 37 28 22 32 15 21 57 
59 41 58 46 33 43 32 37 4 33 3 6 52 4 6 13 4 17 19 5 3 47 14 14 51 3 30 4 17 52 55 41 
4 47 26 45 50 6 10 21 20 3 5 27 3 38 4 19 25 12 3 23 31 59 10 3 30 12 3 12 27 56 49 16 
30 12 24 15 42 35 56 23 4 30 26 12 32 5 49 59 55 43 3 31 41 16 5 34 59 34 15 4 26 54 32 45 
58 49 4 32 43 38 56 12 42 39 36 4 33 42 35 32 59 28 5 3 28 46 59 23 43 29 37 5 6 17 50 44 
17 53 54 32 6 44 5 47 50 38 45 3 5 40 44 42 28 53 45 6 50 49 31 59 4 17 34 5 4 57 43 43 
17 11 11 21 32 21 33 13 21 34 16 58 58 4 32 55 35 49 35 28 17 48 52 36 4 48 56 36 14 55 6 19 
49 6 48 34 26 54 45 48 20 20 25 22 57 27 46 4 54 56 39 3 5 36 16 26 55 42 6 10 15 37 56 51 
37 48 59 28 37 53 30 17 16 26 6 5 10 16 41 45 37 15 6 58 42 49 55 5 3 4 6 58 11 37 47 21 
46 20 49 49 19 51 22 33 6 39 12 5 43 10 21 59 53 29 4 25 40 43 31 33 26 16 17 50 56 22 47 6 
18 22 10 41 10 47 51 40 17 26 4 36 52 3 29 5 55 4 27 6 23 22 4 39 29 6 55 5 48 6 6 51 
3 4 15 4 5 57 46 27 18 47 44 45 41 46 3 3 11 32 3 55 26 55 6 51 6 20 13 11 59 18 3 41 
3 5 6 38 5 56 6 58 54 38 6 33 46 4 52 59 43 46 51 4 6 59 50 30 33 39 19 6 57 12 16 3 
6 6 3 10 3 22 51 40 6 4 47 52 17 12 16 23 48 4 18 5 37 38 51 21 6 28 24 42 36 14 4 4 
29 23 32 33 35 13 10 54 41 3 5 32 4 3 3 49 27 20 59 50 14 50 33 42 51 34 32 57 48 17 3 29 
39 3 33 3 33 4 59 4 5 5 24 6 3 17 6 47 6 52 53 26 17 3 56 46 56 4 40 6 6 16 21 38 
28 54 16 59 37 4 21 46 53 43 29 13 29 4 3 57 56 32 16 28 5 52 26 46 51 31 52 23 51 46 27 6 
4 21 45 40 6 3 53 5 5 17 30 40 12 4 6 44 11 52 3 4 4 5 17 10 6 54 18 3 31 31 55 29 
49 50 43 47 5 18 49 56 58 14 55 45 4 22 20 5 34 18 25 49 46 40 6 37 19 4 11 4 3 12 41 4 
4 4 29 38 31 44 49 14 29 17 30 14 3 6 55 6 40 59 4 35 52 57 39 40 24 34 36 18 4 28 6 15 
38 46 3 6 6 24 5 48 10 50 33 53 58 40 28 59 41 6 22 42 11 43 11 50 19 40 15 32 26 20 6 56 
3 6 35 34 49 59 39 22 56 59 3 29 3 29 22 29 22 24 14 53 36 33 52 13 6 51 10 42 42 51 11 29 
57 30 57 20 4 26 29 34 54 46 54 57 38 57 59 4 4 49 11 3 51 5 4 21 37 48 18 24 6 5 6 3 
13 31 36 53 55 49 54 6 39 41 5 4 14 48 47 41 44 4 4 3 3 3 14 33 5 38 3 37 42 51 33 21 
