15 15

31 31 31 31 31 31 31 31 31 31 31 31 31 31 31 
31 31 31 31 31 31 31 31 31 31 31 31 31 31 31 
31 31 31 0 0 0 0 0 0 0 0 0 0 31 31 
31 31 0 0 0 0 0 0 0 0 0 0 0 0 0 
31 0 0 0 0 0 0 0 0 0 0 0 0 0 0 
0 0 0 0 31 0 0 0 0 0 31 0 0 0 0 
0 0 0 0 0 0 0 0 0 0 0 0 0 0 0 
0 0 0 0 0 0 0 0 0 0 0 0 0 0 0 
0 0 0 0 0 0 0 0 0 0 0 0 0 31 0 
0 0 31 31 0 0 0 0 0 0 0 0 0 31 0 
0 0 0 31 31 0 0 0 0 0 0 0 31 0 0 
0 0 0 0 31 31 31 31 31 31 31 31 31 0 0 
0 0 0 0 0 0 0 0 0 0 0 0 0 0 0 
0 0 0 0 0 0 0 0 0 0 0 0 0 0 0 
31 0 0 0 0 0 0 0 0 0 0 0 0 0 31 

0 0 0 0 0 0 0 0 0 0 0 0 0 0 0 
0 0 0 0 0 0 0 0 0 0 0 0 0 0 0 
0 0 0 31 31 31 31 31 31 31 31 31 31 0 0 
0 0 31 31 31 31 31 31 31 31 31 31 31 31 31 
0 31 31 31 31 31 31 31 31 31 31 31 31 31 31 
31 31 31 31 0 31 31 31 31 31 0 31 31 31 31 
31 31 31 31 31 31 31 31 31 31 31 31 31 31 31 
31 31 31 31 31 31 31 31 31 31 31 31 31 31 31 
31 31 31 31 31 31 31 31 31 31 31 31 31 0 31 
31 31 0 0 31 31 31 31 31 31 31 31 31 0 31 
31 31 31 0 0 31 31 31 31 31 31 31 0 31 31 
31 31 31 31 0 0 0 0 0 0 0 0 0 31 31 
31 31 31 31 31 31 31 31 31 31 31 31 31 31 31 
31 31 31 31 31 31 31 31 31 31 31 31 31 31 31 
0 31 31 31 31 31 31 31 31 31 31 31 31 31 0 

32 32 32 32 32 32 32 32 32 32 32 32 32 32 
32 32 32 32 32 32 32 32 32 32 32 32 32 32 
32 32 1 32 32 32 32 32 32 32 32 32 1 32 
32 1 32 32 32 32 32 32 32 32 32 32 32 32 
1 32 32 32 32 32 32 32 32 32 32 32 32 32 
32 32 32 1 1 32 32 32 32 1 1 32 32 32 
32 32 32 32 32 32 32 32 32 32 32 32 32 32 
32 32 32 32 32 32 32 32 32 32 32 32 32 32 
32 32 32 32 32 32 32 32 32 32 32 32 1 1 
32 1 32 1 32 32 32 32 32 32 32 32 1 1 
32 32 1 32 1 32 32 32 32 32 32 1 1 32 
32 32 32 1 32 32 32 32 32 32 32 32 1 32 
32 32 32 32 32 32 32 32 32 32 32 32 32 32 
32 32 32 32 32 32 32 32 32 32 32 32 32 32 
1 32 32 32 32 32 32 32 32 32 32 32 32 1 

32 32 32 32 32 32 32 32 32 32 32 32 32 32 32 
32 32 32 1 1 1 1 1 1 1 1 1 1 32 32 
32 32 1 32 32 32 32 32 32 32 32 32 32 1 1 
32 1 32 32 32 32 32 32 32 32 32 32 32 32 32 
1 32 32 32 1 32 32 32 32 32 1 32 32 32 32 
32 32 32 32 1 32 32 32 32 32 1 32 32 32 32 
32 32 32 32 32 32 32 32 32 32 32 32 32 32 32 
32 32 32 32 32 32 32 32 32 32 32 32 32 1 32 
32 32 1 1 32 32 32 32 32 32 32 32 32 32 32 
32 32 1 32 1 32 32 32 32 32 32 32 1 1 32 
32 32 32 1 32 1 1 1 1 1 1 1 32 32 32 
32 32 32 32 1 1 1 1 1 1 1 1 1 32 32 
32 32 32 32 32 32 32 32 32 32 32 32 32 32 32 
1 32 32 32 32 32 32 32 32 32 32 32 32 32 1 




