76 85

31 31 31 31 31 31 31 31 31 31 31 31 31 31 31 31 31 31 31 31 31 31 31 31 31 31 31 31 31 31 31 31 31 31 31 31 31 31 31 31 31 31 31 31 31 31 31 31 31 31 31 31 31 31 31 31 31 31 31 31 31 31 31 31 31 31 31 31 31 31 31 31 31 31 31 31 31 31 31 31 31 31 31 31 31 
31 31 31 31 31 31 31 31 31 31 31 31 31 31 31 31 31 31 31 31 31 31 31 31 31 31 31 31 31 31 31 31 31 31 31 31 31 31 31 31 31 31 31 31 31 31 31 31 31 31 31 31 31 31 31 31 31 31 31 31 31 31 31 31 31 31 31 31 31 31 31 31 31 31 31 31 31 31 31 31 31 31 31 31 31 
31 31 31 31 31 31 31 31 31 31 31 31 31 31 31 31 31 31 31 31 31 31 31 31 31 31 31 31 31 31 31 31 31 31 31 31 31 31 31 31 31 31 31 31 31 31 31 31 31 31 31 31 31 31 31 31 31 31 31 31 31 31 31 31 31 31 31 31 31 31 31 31 31 31 31 31 31 31 31 31 31 31 31 31 31 
31 31 31 31 31 31 31 31 31 31 31 31 31 31 31 31 31 31 31 31 31 31 31 31 31 31 31 31 31 31 31 31 31 31 31 31 31 31 31 31 31 31 31 31 31 31 31 31 31 31 31 31 31 31 31 31 31 31 31 31 31 31 31 31 31 31 31 31 31 31 31 31 31 31 31 31 31 31 31 31 31 31 31 31 31 
31 31 31 31 31 31 31 31 31 31 31 31 31 31 31 31 31 31 31 31 31 31 31 31 31 31 31 31 31 31 31 31 31 31 31 31 31 31 31 31 31 31 31 31 31 31 31 31 31 31 31 31 31 31 31 31 31 31 31 31 31 31 31 31 31 31 31 31 31 31 31 31 31 31 31 31 31 31 31 31 31 31 31 31 31 
31 31 31 31 31 31 31 31 31 31 31 31 31 31 31 31 31 31 31 31 31 31 31 31 31 31 31 31 31 31 31 31 31 31 31 31 31 31 31 31 31 31 31 31 31 31 31 31 31 31 31 31 31 31 31 31 31 31 31 31 31 31 31 31 31 31 31 31 31 31 31 31 31 31 31 31 31 31 31 31 31 31 31 31 31 
31 31 31 31 31 31 31 31 31 31 31 31 31 31 31 31 31 31 31 31 31 31 31 31 31 31 31 31 31 31 31 31 31 31 31 31 31 31 31 31 31 31 31 31 31 31 31 31 31 31 31 31 31 31 31 31 31 31 31 31 31 31 31 31 31 31 31 31 31 31 31 31 31 31 31 31 31 31 31 31 31 31 31 31 31 
31 31 31 31 31 31 31 31 31 31 31 31 31 31 31 31 31 31 31 31 31 31 31 31 31 31 31 31 31 31 31 31 31 31 31 31 31 31 31 31 31 31 31 31 31 31 31 31 31 31 31 31 31 31 31 31 31 31 31 31 31 31 31 31 31 31 31 31 31 31 31 31 31 31 31 31 31 31 31 31 31 31 31 31 31 
31 31 31 31 31 31 31 31 31 31 31 31 31 31 31 31 31 31 31 31 31 31 31 31 31 31 31 31 31 31 31 31 31 31 31 31 31 31 31 31 31 31 31 31 31 31 31 31 31 31 31 31 31 31 31 31 31 31 31 31 31 31 31 31 31 31 31 31 31 31 31 31 31 31 31 31 31 31 31 31 31 31 31 31 31 
31 31 31 31 31 31 31 31 31 31 31 31 31 31 31 31 31 31 31 31 31 31 31 31 31 31 31 31 31 31 31 31 31 31 31 31 31 31 30 23 10 4 3 8 19 30 31 31 31 31 31 31 31 31 31 31 29 18 11 11 12 12 12 12 13 13 13 21 31 31 31 31 31 31 31 31 31 31 31 31 31 31 31 31 31 
31 31 31 31 31 31 31 31 31 31 31 31 31 31 31 31 31 31 31 31 31 31 31 31 31 31 31 31 31 31 31 31 31 31 31 31 31 28 14 0 0 0 0 0 0 9 27 31 31 31 31 31 31 31 31 31 21 0 0 0 0 0 0 0 0 0 0 5 22 31 31 31 31 31 31 31 31 31 31 31 31 31 31 31 31 
31 31 31 31 31 31 31 31 31 31 31 31 31 31 31 31 31 31 31 31 31 31 31 31 31 31 31 31 31 31 31 31 31 31 31 31 27 11 0 0 0 0 0 0 0 0 6 24 31 31 31 31 31 31 31 31 20 0 0 0 0 0 0 0 0 0 0 2 19 31 31 31 31 31 31 31 31 31 31 31 31 31 31 31 31 
31 31 31 31 31 31 31 31 31 31 31 31 31 31 31 31 31 31 31 31 31 31 31 31 31 31 31 31 31 31 31 31 31 31 31 24 8 0 0 0 0 0 0 0 0 0 0 3 21 31 31 31 31 31 31 31 21 0 0 0 0 0 0 0 0 0 0 2 19 31 31 31 31 31 31 31 31 31 31 31 31 31 31 31 31 
31 31 31 31 31 31 31 31 31 31 31 31 31 31 31 31 31 31 31 31 31 31 31 31 31 31 31 31 31 31 31 31 31 31 22 5 0 0 0 0 0 0 0 0 0 0 0 0 2 18 31 31 31 31 31 31 21 0 0 0 0 0 0 0 0 0 0 2 19 31 31 31 31 31 31 31 31 31 31 31 31 31 31 31 31 
31 31 31 31 31 31 31 31 31 31 31 31 31 31 31 31 31 31 31 31 31 31 31 31 31 31 31 31 31 31 31 31 30 19 3 0 0 0 0 0 0 0 0 0 0 0 0 0 0 1 14 30 31 31 31 31 21 0 0 0 0 0 0 0 0 0 0 2 19 31 31 31 31 31 31 31 31 31 31 31 31 31 31 31 31 
31 31 31 31 31 31 31 31 31 31 31 31 31 31 31 31 31 31 31 31 31 31 31 31 31 31 31 31 31 31 31 29 15 1 0 0 0 0 0 0 0 0 0 0 0 0 0 0 0 0 0 11 28 31 31 31 22 0 0 0 0 0 0 0 0 0 0 2 19 31 31 31 31 31 31 31 31 31 31 31 31 31 31 31 31 
31 31 31 31 31 31 31 31 31 31 31 31 31 31 31 31 31 31 31 31 31 31 31 31 31 31 31 31 31 31 28 12 0 0 0 0 0 0 0 0 0 1 3 0 0 0 0 0 0 0 0 0 7 26 31 31 22 0 0 0 0 0 0 0 0 0 0 2 18 31 31 31 31 31 31 31 31 31 31 31 31 31 31 31 31 
31 31 31 31 31 31 31 31 31 31 31 31 31 31 31 31 31 31 31 31 31 31 31 31 31 31 31 31 31 26 9 0 0 0 0 0 0 0 0 0 1 14 21 7 0 0 0 0 0 0 0 0 0 5 23 31 23 0 0 0 0 0 0 0 0 0 0 2 18 31 31 31 31 31 31 31 31 31 31 31 31 31 31 31 31 
31 31 31 31 31 31 31 31 31 31 31 31 31 31 31 31 31 31 31 31 31 31 31 31 31 31 31 31 23 6 0 0 0 0 0 0 0 0 0 2 17 31 31 26 9 0 0 0 0 0 0 0 0 0 3 21 24 1 0 0 0 0 0 0 0 0 0 2 18 31 31 31 31 31 31 31 31 31 31 31 31 31 31 31 31 
31 31 31 31 31 31 31 31 31 31 31 31 31 31 31 31 31 31 31 31 31 31 31 31 31 31 31 21 3 0 0 0 0 0 0 0 0 0 3 21 31 31 31 31 28 12 0 0 0 0 0 0 0 0 0 2 9 1 0 0 0 0 0 0 0 0 0 2 17 31 31 31 31 31 31 31 31 31 31 31 31 31 31 31 31 
31 31 31 31 31 31 31 31 31 31 31 31 31 31 31 31 31 31 31 31 31 31 31 31 31 30 17 1 0 0 0 0 0 0 0 0 0 6 24 31 31 31 30 31 31 29 15 1 0 0 0 0 0 0 0 0 0 0 0 0 0 0 0 0 0 0 0 2 17 31 31 31 31 31 31 31 31 31 31 31 31 31 31 31 31 
31 31 31 31 31 31 31 31 31 31 31 31 31 31 31 31 31 31 31 31 31 31 31 31 29 14 0 0 0 0 0 0 0 0 0 0 9 27 31 31 30 19 9 24 31 31 30 18 2 0 0 0 0 0 0 0 0 0 0 0 0 0 0 0 0 0 0 1 17 31 31 31 31 31 31 31 31 31 31 31 31 31 31 31 31 
31 31 31 31 31 31 31 31 31 31 31 31 31 31 31 31 31 31 31 31 31 31 31 29 9 0 0 0 0 0 0 0 0 0 1 12 28 31 31 30 15 1 0 5 21 31 31 31 21 5 0 0 0 0 0 0 0 0 0 0 0 0 0 0 0 0 0 1 17 31 31 31 31 31 31 31 31 31 31 31 31 31 31 31 31 
31 31 31 31 31 31 31 31 31 31 31 31 31 31 31 31 31 31 31 31 31 31 25 6 0 0 0 0 0 0 0 0 0 1 16 30 31 31 29 11 0 0 0 0 3 18 31 31 31 24 7 0 0 0 0 0 0 0 0 0 0 0 0 0 0 0 0 1 16 31 31 31 31 31 31 31 31 31 31 31 31 31 31 31 31 
31 31 31 31 31 31 31 31 31 31 31 31 31 31 31 31 31 31 31 31 31 23 3 0 0 0 0 0 0 0 0 0 2 20 31 31 31 27 7 0 0 0 0 0 0 2 14 31 31 31 26 10 0 0 0 0 0 0 0 0 0 0 0 0 0 0 0 1 16 31 31 31 31 31 31 31 31 31 31 31 31 31 31 31 31 
31 31 31 31 31 31 31 31 31 31 31 31 31 31 31 31 31 31 31 30 18 0 0 0 0 0 0 0 0 0 0 5 23 31 31 31 23 4 0 0 0 0 0 0 0 0 1 10 29 31 31 28 14 0 0 0 0 0 0 0 0 0 0 0 0 0 0 1 16 31 31 31 31 31 31 31 31 31 31 31 31 31 31 31 31 
31 31 31 31 31 31 31 31 31 31 31 31 31 31 31 31 31 31 29 15 0 0 0 0 0 0 0 0 0 0 7 26 31 31 31 20 1 0 0 0 0 0 0 0 0 0 0 0 8 26 31 31 29 17 0 0 0 0 0 0 0 0 0 0 0 0 0 1 15 31 31 31 31 31 31 31 31 31 31 31 31 31 31 31 31 
31 31 31 31 31 31 31 31 31 31 31 31 31 31 31 31 31 27 11 0 0 0 0 0 0 0 0 0 1 10 29 31 31 29 15 0 0 0 0 0 0 0 0 0 0 0 0 0 0 5 22 31 31 30 21 2 0 0 0 0 0 0 0 0 0 0 0 1 15 31 31 31 31 31 31 31 31 31 31 31 31 31 31 31 31 
31 31 31 31 31 31 31 31 31 31 31 31 31 31 31 31 25 8 0 0 0 0 0 0 0 0 0 2 14 31 31 31 28 12 0 0 0 0 0 0 0 0 0 0 0 0 0 0 0 0 2 19 31 31 31 24 4 0 0 0 0 0 0 0 0 0 0 1 16 31 31 31 31 31 31 31 31 31 31 31 31 31 31 31 31 
31 31 31 31 31 31 31 31 31 31 31 31 31 31 31 23 5 0 0 0 0 0 0 0 0 0 3 18 31 31 31 25 8 0 0 0 0 0 0 0 0 0 0 0 0 0 0 0 0 0 0 1 15 31 31 31 27 8 0 0 0 0 0 0 0 0 0 0 13 31 31 31 31 31 31 31 31 31 31 31 31 31 31 31 31 
31 31 31 31 31 31 31 31 31 31 31 31 31 31 19 3 0 0 0 0 0 0 0 0 0 5 21 31 31 31 22 5 0 0 0 0 0 0 0 0 0 0 0 0 0 0 0 0 0 0 0 0 0 11 29 31 31 30 11 0 0 0 0 0 0 0 0 0 2 15 31 31 31 31 31 31 31 31 31 31 31 31 31 31 31 
31 31 31 31 31 31 31 31 31 31 31 31 30 16 1 0 0 0 0 0 0 0 0 0 7 24 31 31 30 19 2 0 0 0 0 0 0 0 0 0 0 0 0 0 0 0 0 0 0 0 0 0 0 0 7 27 31 31 31 15 0 0 0 0 0 0 0 0 0 1 12 30 31 31 31 31 31 31 31 31 31 31 31 31 31 
31 31 31 31 31 31 31 31 31 31 31 29 13 0 0 0 0 0 0 0 0 0 0 10 27 31 31 29 15 0 0 0 0 0 0 0 0 0 0 0 0 0 0 0 0 0 0 0 0 0 0 0 0 0 0 4 24 31 31 31 19 0 0 0 0 0 0 0 0 0 0 8 28 31 31 31 31 31 31 31 31 31 31 31 31 
31 31 31 31 31 31 31 31 31 31 27 9 0 0 0 0 0 0 0 0 0 0 13 29 31 31 28 12 0 0 0 0 0 0 0 0 0 0 0 0 0 0 0 0 0 0 0 0 0 0 0 0 0 0 0 0 1 20 31 31 31 24 3 0 0 0 0 0 0 0 0 0 5 25 31 31 31 31 31 31 31 31 31 31 31 
31 31 31 31 31 31 31 31 31 24 6 0 0 0 0 0 0 0 0 0 1 16 30 31 31 25 8 0 0 0 0 0 0 0 0 0 0 0 0 0 0 0 0 0 0 0 0 0 0 0 0 0 0 0 0 0 0 0 16 30 31 31 27 6 0 0 0 0 0 0 0 0 0 2 22 31 31 31 31 31 31 31 31 31 31 
31 31 31 31 31 31 31 31 21 4 0 0 0 0 0 0 0 0 0 3 20 31 31 31 22 6 0 0 0 0 0 0 0 0 0 0 0 0 0 0 0 0 0 0 0 0 0 0 0 0 0 0 0 0 0 0 0 0 0 12 29 31 31 29 9 0 0 0 0 0 0 0 0 0 0 18 31 31 31 31 31 31 31 31 31 
31 31 31 31 31 31 31 18 2 0 0 0 0 0 0 0 0 0 5 23 31 31 31 19 3 0 0 0 0 0 0 0 0 0 0 0 0 0 0 0 0 0 0 0 0 0 0 0 0 0 0 0 0 0 0 0 0 0 0 0 8 27 31 31 31 13 1 0 0 0 0 0 0 0 0 0 14 30 31 31 31 31 31 31 31 
31 31 31 31 31 31 15 1 0 0 0 0 0 0 0 0 0 8 25 31 31 31 15 2 0 0 0 0 0 0 0 0 0 0 0 0 0 0 0 0 0 0 0 0 0 0 0 0 0 0 0 0 0 0 0 0 0 0 0 0 0 5 23 31 31 31 17 2 0 0 0 0 0 0 0 0 0 10 28 31 31 31 31 31 31 
31 31 31 31 31 31 2 0 0 0 0 0 0 0 0 0 12 28 31 31 30 11 1 0 0 0 0 0 0 0 0 0 0 0 0 0 0 0 0 0 0 0 0 0 0 0 0 0 0 0 0 0 0 0 0 0 0 0 0 0 0 0 2 20 30 31 31 21 3 0 0 0 0 0 0 0 0 0 8 31 31 31 31 31 31 
31 31 31 31 31 31 14 0 0 0 0 0 0 0 0 15 30 31 31 27 8 0 0 0 0 0 0 0 0 0 0 0 0 0 0 0 0 0 0 0 0 0 0 0 0 0 0 0 0 0 0 0 0 0 0 0 0 0 0 0 0 0 0 0 16 29 31 31 24 6 0 0 0 0 0 0 0 0 1 31 31 31 31 31 31 
31 31 31 31 31 31 31 9 0 0 0 0 0 1 19 30 31 31 24 5 0 0 0 0 0 0 0 0 0 0 0 0 0 0 0 0 0 0 0 0 0 0 0 0 0 0 0 0 0 0 0 0 0 0 0 0 0 0 0 0 0 0 0 0 0 13 28 31 31 27 9 0 0 0 0 0 0 0 16 31 31 31 31 31 31 
31 31 31 31 31 31 31 29 6 0 0 0 3 23 31 31 31 20 3 0 0 0 0 0 0 0 0 0 0 0 0 0 0 0 0 0 0 0 0 0 0 0 0 0 0 0 0 0 0 0 0 0 0 0 0 0 0 0 0 0 0 0 0 0 0 0 9 25 31 31 29 12 1 0 0 0 0 11 31 31 31 31 31 31 31 
31 31 31 31 31 31 31 31 26 3 0 6 25 31 31 31 19 1 0 0 0 0 0 0 0 0 0 0 0 0 0 0 0 0 0 0 0 0 0 0 0 0 0 0 0 0 0 0 0 0 0 0 0 0 0 0 0 0 0 0 0 0 0 0 0 0 0 6 24 31 31 31 16 2 0 0 8 29 31 31 31 31 31 31 31 
31 31 31 31 31 31 31 31 31 27 20 29 31 31 31 31 15 0 0 0 0 0 0 0 0 0 0 0 0 0 0 0 0 0 0 0 0 0 0 0 0 0 0 0 0 0 0 0 0 0 0 0 0 0 0 0 0 0 0 0 0 0 0 0 0 0 0 0 10 30 31 31 31 19 7 7 26 31 31 31 31 31 31 31 31 
31 31 31 31 31 31 31 31 31 31 31 31 31 31 31 31 16 1 0 0 0 0 0 0 0 0 0 0 0 0 0 0 0 0 0 0 0 0 0 0 0 0 0 0 0 0 0 0 0 0 0 0 0 0 0 0 0 0 0 0 0 0 0 0 0 0 0 0 9 30 31 31 31 31 26 28 31 31 31 31 31 31 31 31 31 
31 31 31 31 31 31 31 31 31 31 31 31 31 31 31 31 16 1 0 0 0 0 0 0 0 0 0 0 0 0 0 0 0 0 0 0 0 0 0 0 0 0 0 0 0 0 0 0 0 0 0 0 0 0 0 0 0 0 0 0 0 0 0 0 0 0 0 0 10 30 31 31 31 31 31 31 31 31 31 31 31 31 31 31 31 
31 31 31 31 31 31 31 31 31 31 31 31 31 31 31 31 16 1 0 0 0 0 0 0 0 0 0 0 0 0 0 0 0 0 0 0 0 0 0 0 0 0 0 0 0 0 0 0 0 0 0 0 0 0 0 0 0 0 0 0 0 0 0 0 0 0 0 0 10 30 31 31 31 31 31 31 31 31 31 31 31 31 31 31 31 
31 31 31 31 31 31 31 31 31 31 31 31 31 31 31 31 17 1 0 0 0 0 0 0 0 0 0 0 0 0 0 0 0 0 0 0 0 0 0 0 0 0 0 0 0 0 0 0 0 0 0 0 0 0 0 0 0 0 0 0 0 0 0 0 0 0 0 0 9 30 31 31 31 31 31 31 31 31 31 31 31 31 31 31 31 
31 31 31 31 31 31 31 31 31 31 31 31 31 31 31 31 17 1 0 0 0 0 0 0 0 0 0 0 0 0 0 0 0 0 0 0 0 0 0 0 0 0 0 0 0 0 0 0 0 0 0 0 0 0 0 0 0 0 0 0 0 0 0 0 0 0 0 0 9 29 31 31 31 31 31 31 31 31 31 31 31 31 31 31 31 
31 31 31 31 31 31 31 31 31 31 31 31 31 31 31 31 17 1 0 0 0 0 0 0 0 0 0 0 0 0 0 0 0 0 0 0 0 1 1 1 1 1 1 1 0 0 0 0 0 0 0 0 0 0 0 0 0 0 0 0 0 0 0 0 0 0 0 0 9 29 31 31 31 31 31 31 31 31 31 31 31 31 31 31 31 
31 31 31 31 31 31 31 31 31 31 31 31 31 31 31 31 17 1 0 0 0 0 0 0 0 0 0 0 0 0 0 0 0 0 0 0 5 17 21 20 20 20 20 19 19 19 19 19 10 0 0 0 0 0 0 0 0 0 0 0 0 0 0 0 0 0 0 0 9 29 31 31 31 31 31 31 31 31 31 31 31 31 31 31 31 
31 31 31 31 31 31 31 31 31 31 31 31 31 31 31 31 18 1 0 0 0 0 0 0 0 0 0 0 0 0 0 0 0 0 0 0 8 28 31 31 31 31 31 31 31 31 31 31 19 2 0 0 0 0 0 0 0 0 0 0 0 0 0 0 0 0 0 0 8 29 31 31 31 31 31 31 31 31 31 31 31 31 31 31 31 
31 31 31 31 31 31 31 31 31 31 31 31 31 31 31 31 18 2 0 0 0 0 0 0 0 0 0 0 0 0 0 0 0 0 0 0 7 26 31 31 31 31 31 31 31 31 31 31 17 2 0 0 0 0 0 0 0 0 0 0 0 0 0 0 0 0 0 0 8 29 31 31 31 31 31 31 31 31 31 31 31 31 31 31 31 
31 31 31 31 31 31 31 31 31 31 31 31 31 31 31 31 19 2 0 0 0 0 0 0 0 0 0 0 0 0 0 0 0 0 0 0 7 26 31 31 31 31 31 31 31 31 31 31 18 2 0 0 0 0 0 0 0 0 0 0 0 0 0 0 0 0 0 0 8 28 31 31 31 31 31 31 31 31 31 31 31 31 31 31 31 
31 31 31 31 31 31 31 31 31 31 31 31 31 31 31 31 19 2 0 0 0 0 0 0 0 0 0 0 0 0 0 0 0 0 0 0 6 25 31 31 31 31 31 31 31 31 31 31 18 2 0 0 0 0 0 0 0 0 0 0 0 0 0 0 0 0 0 0 8 28 31 31 31 31 31 31 31 31 31 31 31 31 31 31 31 
31 31 31 31 31 31 31 31 31 31 31 31 31 31 31 31 19 2 0 0 0 0 0 0 0 0 0 0 0 0 0 0 0 0 0 0 6 25 31 31 31 31 31 31 31 31 31 31 18 2 0 0 0 0 0 0 0 0 0 0 0 0 0 0 0 0 0 0 7 28 31 31 31 31 31 31 31 31 31 31 31 31 31 31 31 
31 31 31 31 31 31 31 31 31 31 31 31 31 31 31 31 19 2 0 0 0 0 0 0 0 0 0 0 0 0 0 0 0 0 0 0 6 25 31 31 31 31 31 31 31 31 31 31 18 2 0 0 0 0 0 0 0 0 0 0 0 0 0 0 0 0 0 0 7 28 31 31 31 31 31 31 31 31 31 31 31 31 31 31 31 
31 31 31 31 31 31 31 31 31 31 31 31 31 31 31 31 19 2 0 0 0 0 0 0 0 0 0 0 0 0 0 0 0 0 0 0 6 25 31 31 31 31 31 31 31 31 31 31 19 2 0 0 0 0 0 0 0 0 0 0 0 0 0 0 0 0 0 0 7 27 31 31 31 31 31 31 31 31 31 31 31 31 31 31 31 
31 31 31 31 31 31 31 31 31 31 31 31 31 31 31 31 20 2 0 0 0 0 0 0 0 0 0 0 0 0 0 0 0 0 0 0 6 25 31 31 31 31 31 31 31 31 31 31 19 2 0 0 0 0 0 0 0 0 0 0 0 0 0 0 0 0 0 0 7 27 31 31 31 31 31 31 31 31 31 31 31 31 31 31 31 
31 31 31 31 31 31 31 31 31 31 31 31 31 31 31 31 20 3 0 0 0 0 0 0 0 0 0 0 0 0 0 0 0 0 0 0 6 24 31 31 31 31 31 31 31 31 31 31 19 2 0 0 0 0 0 0 0 0 0 0 0 0 0 0 0 0 0 0 7 27 31 31 31 31 31 31 31 31 31 31 31 31 31 31 31 
31 31 31 31 31 31 31 31 31 31 31 31 31 31 31 31 20 3 0 0 0 0 0 0 0 0 0 0 0 0 0 0 0 0 0 0 5 24 31 31 31 31 31 31 31 31 31 31 19 2 0 0 0 0 0 0 0 0 0 0 0 0 0 0 0 0 0 0 6 27 31 31 31 31 31 31 31 31 31 31 31 31 31 31 31 
31 31 31 31 31 31 31 31 31 31 31 31 31 31 31 31 20 3 0 0 0 0 0 0 0 0 0 0 0 0 0 0 0 0 0 0 5 24 31 31 31 31 31 31 31 31 31 31 19 3 0 0 0 0 0 0 0 0 0 0 0 0 0 0 0 0 0 0 6 27 31 31 31 31 31 31 31 31 31 31 31 31 31 31 31 
31 31 31 31 31 31 31 31 31 31 31 31 31 31 31 31 21 3 0 0 0 0 0 0 0 0 0 0 0 0 0 0 0 0 0 0 5 24 31 31 31 31 31 31 31 31 31 31 20 3 0 0 0 0 0 0 0 0 0 0 0 0 0 0 0 0 0 0 6 26 31 31 31 31 31 31 31 31 31 31 31 31 31 31 31 
31 31 31 31 31 31 31 31 31 31 31 31 31 31 31 31 21 3 0 0 0 0 0 0 0 0 0 0 0 0 0 0 0 0 0 0 5 23 31 31 31 31 31 31 31 31 31 31 20 3 0 0 0 0 0 0 0 0 0 0 0 0 0 0 0 0 0 0 6 26 31 31 31 31 31 31 31 31 31 31 31 31 31 31 31 
31 31 31 31 31 31 31 31 31 31 31 31 31 31 31 31 21 3 0 0 0 0 0 0 0 0 0 0 0 0 0 0 0 0 0 0 5 23 31 31 31 31 31 31 31 31 31 31 20 3 0 0 0 0 0 0 0 0 0 0 0 0 0 0 0 0 0 0 5 26 31 31 31 31 31 31 31 31 31 31 31 31 31 31 31 
31 31 31 31 31 31 31 31 31 31 31 31 31 31 31 31 24 5 0 0 0 0 0 0 0 0 0 0 0 0 0 0 0 0 0 0 5 23 31 31 31 31 31 31 31 31 31 31 20 3 0 0 0 0 0 0 0 0 0 0 0 0 0 0 0 0 0 0 5 25 31 31 31 31 31 31 31 31 31 31 31 31 31 31 31 
31 31 31 31 31 31 31 31 31 31 31 31 31 31 31 31 31 16 2 0 0 0 0 0 0 0 0 0 0 0 0 0 0 0 0 0 4 22 31 31 31 31 31 31 31 31 31 31 20 3 0 0 0 0 0 0 0 0 0 0 0 0 0 0 0 0 0 0 11 28 31 31 31 31 31 31 31 31 31 31 31 31 31 31 31 
31 31 31 31 31 31 31 31 31 31 31 31 31 31 31 31 31 30 19 11 10 9 9 9 8 8 8 8 7 7 7 7 6 6 6 3 8 24 31 31 31 31 31 31 31 31 31 31 22 4 0 2 1 1 1 1 1 0 0 0 0 0 0 0 0 0 0 9 25 31 31 31 31 31 31 31 31 31 31 31 31 31 31 31 31 
31 31 31 31 31 31 31 31 31 31 31 31 31 31 31 31 31 31 31 31 31 31 31 31 31 31 31 31 31 31 31 31 31 31 31 31 31 31 31 31 31 31 31 31 31 31 31 31 31 31 31 31 31 31 31 31 31 31 31 31 31 31 31 31 31 31 31 31 31 31 31 31 31 31 31 31 31 31 31 31 31 31 31 31 31 
31 31 31 31 31 31 31 31 31 31 31 31 31 31 31 31 31 31 31 31 31 31 31 31 31 31 31 31 31 31 31 31 31 31 31 31 31 31 31 31 31 31 31 31 31 31 31 31 31 31 31 31 31 31 31 31 31 31 31 31 31 31 31 31 31 31 31 31 31 31 31 31 31 31 31 31 31 31 31 31 31 31 31 31 31 
31 31 31 31 31 31 31 31 31 31 31 31 31 31 31 31 31 31 31 31 31 31 31 31 31 31 31 31 31 31 31 31 31 31 31 31 31 31 31 31 31 31 31 31 31 31 31 31 31 31 31 31 31 31 31 31 31 31 31 31 31 31 31 31 31 31 31 31 31 31 31 31 31 31 31 31 31 31 31 31 31 31 31 31 31 
31 31 31 31 31 31 31 31 31 31 31 31 31 31 31 31 31 31 31 31 31 31 31 31 31 31 31 31 31 31 31 31 31 31 31 31 31 31 31 31 31 31 31 31 31 31 31 31 31 31 31 31 31 31 31 31 31 31 31 31 31 31 31 31 31 31 31 31 31 31 31 31 31 31 31 31 31 31 31 31 31 31 31 31 31 
31 31 31 31 31 31 31 31 31 31 31 31 31 31 31 31 31 31 31 31 31 31 31 31 31 31 31 31 31 31 31 31 31 31 31 31 31 31 31 31 31 31 31 31 31 31 31 31 31 31 31 31 31 31 31 31 31 31 31 31 31 31 31 31 31 31 31 31 31 31 31 31 31 31 31 31 31 31 31 31 31 31 31 31 31 
31 31 31 31 31 31 31 31 31 31 31 31 31 31 31 31 31 31 31 31 31 31 31 31 31 31 31 31 31 31 31 31 31 31 31 31 31 31 31 31 31 31 31 31 31 31 31 31 31 31 31 31 31 31 31 31 31 31 31 31 31 31 31 31 31 31 31 31 31 31 31 31 31 31 31 31 31 31 31 31 31 31 31 31 31 
31 31 31 31 31 31 31 31 31 31 31 31 31 31 31 31 31 31 31 31 31 31 31 31 31 31 31 31 31 31 31 31 31 31 31 31 31 31 31 31 31 31 31 31 31 31 31 31 31 31 31 31 31 31 31 31 31 31 31 31 31 31 31 31 31 31 31 31 31 31 31 31 31 31 31 31 31 31 31 31 31 31 31 31 31 
31 31 31 31 31 31 31 31 31 31 31 31 31 31 31 31 31 31 31 31 31 31 31 31 31 31 31 31 31 31 31 31 31 31 31 31 31 31 31 31 31 31 31 31 31 31 31 31 31 31 31 31 31 31 31 31 31 31 31 31 31 31 31 31 31 31 31 31 31 31 31 31 31 31 31 31 31 31 31 31 31 31 31 31 31 

0 0 0 0 0 0 0 0 0 0 0 0 0 0 0 0 0 0 0 0 0 0 0 0 0 0 0 0 0 0 0 0 0 0 0 0 0 0 0 0 0 0 0 0 0 0 0 0 0 0 0 0 0 0 0 0 0 0 0 0 0 0 0 0 0 0 0 0 0 0 0 0 0 0 0 0 0 0 0 0 0 0 0 0 0 
0 0 0 0 0 0 0 0 0 0 0 0 0 0 0 0 0 0 0 0 0 0 0 0 0 0 0 0 0 0 0 0 0 0 0 0 0 0 0 0 0 0 0 0 0 0 0 0 0 0 0 0 0 0 0 0 0 0 0 0 0 0 0 0 0 0 0 0 0 0 0 0 0 0 0 0 0 0 0 0 0 0 0 0 0 
0 0 0 0 0 0 0 0 0 0 0 0 0 0 0 0 0 0 0 0 0 0 0 0 0 0 0 0 0 0 0 0 0 0 0 0 0 0 0 0 0 0 0 0 0 0 0 0 0 0 0 0 0 0 0 0 0 0 0 0 0 0 0 0 0 0 0 0 0 0 0 0 0 0 0 0 0 0 0 0 0 0 0 0 0 
0 0 0 0 0 0 0 0 0 0 0 0 0 0 0 0 0 0 0 0 0 0 0 0 0 0 0 0 0 0 0 0 0 0 0 0 0 0 0 0 0 0 0 0 0 0 0 0 0 0 0 0 0 0 0 0 0 0 0 0 0 0 0 0 0 0 0 0 0 0 0 0 0 0 0 0 0 0 0 0 0 0 0 0 0 
0 0 0 0 0 0 0 0 0 0 0 0 0 0 0 0 0 0 0 0 0 0 0 0 0 0 0 0 0 0 0 0 0 0 0 0 0 0 0 0 0 0 0 0 0 0 0 0 0 0 0 0 0 0 0 0 0 0 0 0 0 0 0 0 0 0 0 0 0 0 0 0 0 0 0 0 0 0 0 0 0 0 0 0 0 
0 0 0 0 0 0 0 0 0 0 0 0 0 0 0 0 0 0 0 0 0 0 0 0 0 0 0 0 0 0 0 0 0 0 0 0 0 0 0 0 0 0 0 0 0 0 0 0 0 0 0 0 0 0 0 0 0 0 0 0 0 0 0 0 0 0 0 0 0 0 0 0 0 0 0 0 0 0 0 0 0 0 0 0 0 
0 0 0 0 0 0 0 0 0 0 0 0 0 0 0 0 0 0 0 0 0 0 0 0 0 0 0 0 0 0 0 0 0 0 0 0 0 0 0 0 0 0 0 0 0 0 0 0 0 0 0 0 0 0 0 0 0 0 0 0 0 0 0 0 0 0 0 0 0 0 0 0 0 0 0 0 0 0 0 0 0 0 0 0 0 
0 0 0 0 0 0 0 0 0 0 0 0 0 0 0 0 0 0 0 0 0 0 0 0 0 0 0 0 0 0 0 0 0 0 0 0 0 0 0 0 0 0 0 0 0 0 0 0 0 0 0 0 0 0 0 0 0 0 0 0 0 0 0 0 0 0 0 0 0 0 0 0 0 0 0 0 0 0 0 0 0 0 0 0 0 
0 0 0 0 0 0 0 0 0 0 0 0 0 0 0 0 0 0 0 0 0 0 0 0 0 0 0 0 0 0 0 0 0 0 0 0 0 0 0 0 0 0 0 0 0 0 0 0 0 0 0 0 0 0 0 0 0 0 0 0 0 0 0 0 0 0 0 0 0 0 0 0 0 0 0 0 0 0 0 0 0 0 0 0 0 
0 0 0 0 0 0 0 0 0 0 0 0 0 0 0 0 0 0 0 0 0 0 0 0 0 0 0 0 0 0 0 0 0 0 0 0 0 0 1 8 21 27 28 23 12 1 0 0 0 0 0 0 0 0 0 0 2 13 20 20 19 19 19 19 18 18 18 10 0 0 0 0 0 0 0 0 0 0 0 0 0 0 0 0 0 
0 0 0 0 0 0 0 0 0 0 0 0 0 0 0 0 0 0 0 0 0 0 0 0 0 0 0 0 0 0 0 0 0 0 0 0 0 3 17 31 31 31 31 31 31 22 4 0 0 0 0 0 0 0 0 0 10 31 31 31 31 31 31 31 31 31 31 26 9 0 0 0 0 0 0 0 0 0 0 0 0 0 0 0 0 
0 0 0 0 0 0 0 0 0 0 0 0 0 0 0 0 0 0 0 0 0 0 0 0 0 0 0 0 0 0 0 0 0 0 0 0 4 20 31 31 31 31 31 31 31 31 25 7 0 0 0 0 0 0 0 0 11 31 31 31 31 31 31 31 31 31 31 29 12 0 0 0 0 0 0 0 0 0 0 0 0 0 0 0 0 
0 0 0 0 0 0 0 0 0 0 0 0 0 0 0 0 0 0 0 0 0 0 0 0 0 0 0 0 0 0 0 0 0 0 0 7 23 31 31 31 31 31 31 31 31 31 31 28 10 0 0 0 0 0 0 0 10 31 31 31 31 31 31 31 31 31 31 29 12 0 0 0 0 0 0 0 0 0 0 0 0 0 0 0 0 
0 0 0 0 0 0 0 0 0 0 0 0 0 0 0 0 0 0 0 0 0 0 0 0 0 0 0 0 0 0 0 0 0 0 9 26 31 31 31 31 31 31 31 31 31 31 31 31 29 13 0 0 0 0 0 0 10 31 31 31 31 31 31 31 31 31 31 29 12 0 0 0 0 0 0 0 0 0 0 0 0 0 0 0 0 
0 0 0 0 0 0 0 0 0 0 0 0 0 0 0 0 0 0 0 0 0 0 0 0 0 0 0 0 0 0 0 0 1 12 28 31 31 31 31 31 31 31 31 31 31 31 31 31 31 30 17 1 0 0 0 0 10 31 31 31 31 31 31 31 31 31 31 29 12 0 0 0 0 0 0 0 0 0 0 0 0 0 0 0 0 
0 0 0 0 0 0 0 0 0 0 0 0 0 0 0 0 0 0 0 0 0 0 0 0 0 0 0 0 0 0 0 2 16 30 31 31 31 31 31 31 31 31 31 31 31 31 31 31 31 31 31 20 3 0 0 0 9 31 31 31 31 31 31 31 31 31 31 29 12 0 0 0 0 0 0 0 0 0 0 0 0 0 0 0 0 
0 0 0 0 0 0 0 0 0 0 0 0 0 0 0 0 0 0 0 0 0 0 0 0 0 0 0 0 0 0 3 19 31 31 31 31 31 31 31 31 31 30 28 31 31 31 31 31 31 31 31 31 24 5 0 0 9 31 31 31 31 31 31 31 31 31 31 29 13 0 0 0 0 0 0 0 0 0 0 0 0 0 0 0 0 
0 0 0 0 0 0 0 0 0 0 0 0 0 0 0 0 0 0 0 0 0 0 0 0 0 0 0 0 0 5 22 31 31 31 31 31 31 31 31 31 30 17 10 24 31 31 31 31 31 31 31 31 31 26 8 0 8 31 31 31 31 31 31 31 31 31 31 29 13 0 0 0 0 0 0 0 0 0 0 0 0 0 0 0 0 
0 0 0 0 0 0 0 0 0 0 0 0 0 0 0 0 0 0 0 0 0 0 0 0 0 0 0 0 8 25 31 31 31 31 31 31 31 31 31 29 14 0 0 5 22 31 31 31 31 31 31 31 31 31 28 10 7 30 31 31 31 31 31 31 31 31 31 29 13 0 0 0 0 0 0 0 0 0 0 0 0 0 0 0 0 
0 0 0 0 0 0 0 0 0 0 0 0 0 0 0 0 0 0 0 0 0 0 0 0 0 0 0 10 28 31 31 31 31 31 31 31 31 31 28 10 0 0 0 0 3 19 31 31 31 31 31 31 31 31 31 29 22 30 31 31 31 31 31 31 31 31 31 29 14 0 0 0 0 0 0 0 0 0 0 0 0 0 0 0 0 
0 0 0 0 0 0 0 0 0 0 0 0 0 0 0 0 0 0 0 0 0 0 0 0 0 1 14 30 31 31 31 31 31 31 31 31 31 25 7 0 0 0 1 0 0 2 16 30 31 31 31 31 31 31 31 31 31 31 31 31 31 31 31 31 31 31 31 29 14 0 0 0 0 0 0 0 0 0 0 0 0 0 0 0 0 
0 0 0 0 0 0 0 0 0 0 0 0 0 0 0 0 0 0 0 0 0 0 0 0 2 17 31 31 31 31 31 31 31 31 31 31 22 4 0 0 1 12 22 7 0 0 1 13 29 31 31 31 31 31 31 31 31 31 31 31 31 31 31 31 31 31 31 30 14 0 0 0 0 0 0 0 0 0 0 0 0 0 0 0 0 
0 0 0 0 0 0 0 0 0 0 0 0 0 0 0 0 0 0 0 0 0 0 0 2 22 31 31 31 31 31 31 31 31 31 30 19 3 0 0 1 16 30 31 26 10 0 0 0 10 26 31 31 31 31 31 31 31 31 31 31 31 31 31 31 31 31 31 30 14 0 0 0 0 0 0 0 0 0 0 0 0 0 0 0 0 
0 0 0 0 0 0 0 0 0 0 0 0 0 0 0 0 0 0 0 0 0 0 6 25 31 31 31 31 31 31 31 31 31 30 15 1 0 0 2 20 31 31 31 31 28 13 0 0 0 7 24 31 31 31 31 31 31 31 31 31 31 31 31 31 31 31 31 30 15 0 0 0 0 0 0 0 0 0 0 0 0 0 0 0 0 
0 0 0 0 0 0 0 0 0 0 0 0 0 0 0 0 0 0 0 0 0 8 28 31 31 31 31 31 31 31 31 31 29 11 0 0 0 4 24 31 31 31 31 31 31 29 17 0 0 0 5 21 31 31 31 31 31 31 31 31 31 31 31 31 31 31 31 30 15 0 0 0 0 0 0 0 0 0 0 0 0 0 0 0 0 
0 0 0 0 0 0 0 0 0 0 0 0 0 0 0 0 0 0 0 1 13 31 31 31 31 31 31 31 31 31 31 26 8 0 0 0 8 27 31 31 31 31 31 31 31 31 30 21 2 0 0 3 17 31 31 31 31 31 31 31 31 31 31 31 31 31 31 30 15 0 0 0 0 0 0 0 0 0 0 0 0 0 0 0 0 
0 0 0 0 0 0 0 0 0 0 0 0 0 0 0 0 0 0 2 16 31 31 31 31 31 31 31 31 31 31 24 5 0 0 0 11 30 31 31 31 31 31 31 31 31 31 31 31 23 5 0 0 2 14 31 31 31 31 31 31 31 31 31 31 31 31 31 30 16 0 0 0 0 0 0 0 0 0 0 0 0 0 0 0 0 
0 0 0 0 0 0 0 0 0 0 0 0 0 0 0 0 0 4 20 31 31 31 31 31 31 31 31 31 30 21 2 0 0 2 16 31 31 31 31 31 31 31 31 31 31 31 31 31 31 26 9 0 0 1 10 29 31 31 31 31 31 31 31 31 31 31 31 30 16 0 0 0 0 0 0 0 0 0 0 0 0 0 0 0 0 
0 0 0 0 0 0 0 0 0 0 0 0 0 0 0 0 6 23 31 31 31 31 31 31 31 31 31 29 17 0 0 0 3 19 31 31 31 31 31 31 31 31 31 31 31 31 31 31 31 31 29 12 0 0 0 7 27 31 31 31 31 31 31 31 31 31 31 30 15 0 0 0 0 0 0 0 0 0 0 0 0 0 0 0 0 
0 0 0 0 0 0 0 0 0 0 0 0 0 0 0 8 26 31 31 31 31 31 31 31 31 31 28 13 0 0 0 6 23 31 31 31 31 31 31 31 31 31 31 31 31 31 31 31 31 31 31 30 16 0 0 0 4 23 31 31 31 31 31 31 31 31 31 31 18 0 0 0 0 0 0 0 0 0 0 0 0 0 0 0 0 
0 0 0 0 0 0 0 0 0 0 0 0 0 0 12 28 31 31 31 31 31 31 31 31 31 26 10 0 0 0 9 26 31 31 31 31 31 31 31 31 31 31 31 31 31 31 31 31 31 31 31 31 31 20 2 0 0 1 20 31 31 31 31 31 31 31 31 31 29 16 0 0 0 0 0 0 0 0 0 0 0 0 0 0 0 
0 0 0 0 0 0 0 0 0 0 0 0 1 15 30 31 31 31 31 31 31 31 31 31 24 7 0 0 1 12 29 31 31 31 31 31 31 31 31 31 31 31 31 31 31 31 31 31 31 31 31 31 31 31 24 4 0 0 0 16 31 31 31 31 31 31 31 31 31 30 19 1 0 0 0 0 0 0 0 0 0 0 0 0 0 
0 0 0 0 0 0 0 0 0 0 0 2 18 31 31 31 31 31 31 31 31 31 31 21 4 0 0 2 16 31 31 31 31 31 31 31 31 31 31 31 31 31 31 31 31 31 31 31 31 31 31 31 31 31 31 27 7 0 0 0 12 31 31 31 31 31 31 31 31 31 31 23 3 0 0 0 0 0 0 0 0 0 0 0 0 
0 0 0 0 0 0 0 0 0 0 4 22 31 31 31 31 31 31 31 31 31 31 18 2 0 0 3 19 31 31 31 31 31 31 31 31 31 31 31 31 31 31 31 31 31 31 31 31 31 31 31 31 31 31 31 31 30 11 0 0 0 7 28 31 31 31 31 31 31 31 31 31 26 6 0 0 0 0 0 0 0 0 0 0 0 
0 0 0 0 0 0 0 0 0 7 25 31 31 31 31 31 31 31 31 31 30 15 1 0 0 6 23 31 31 31 31 31 31 31 31 31 31 31 31 31 31 31 31 31 31 31 31 31 31 31 31 31 31 31 31 31 31 31 15 1 0 0 4 25 31 31 31 31 31 31 31 31 31 29 9 0 0 0 0 0 0 0 0 0 0 
0 0 0 0 0 0 0 0 10 27 31 31 31 31 31 31 31 31 31 28 11 0 0 0 9 25 31 31 31 31 31 31 31 31 31 31 31 31 31 31 31 31 31 31 31 31 31 31 31 31 31 31 31 31 31 31 31 31 31 19 2 0 0 2 22 31 31 31 31 31 31 31 31 31 31 13 0 0 0 0 0 0 0 0 0 
0 0 0 0 0 0 0 13 29 31 31 31 31 31 31 31 31 31 26 8 0 0 0 12 28 31 31 31 31 31 31 31 31 31 31 31 31 31 31 31 31 31 31 31 31 31 31 31 31 31 31 31 31 31 31 31 31 31 31 31 23 4 0 0 0 18 30 31 31 31 31 31 31 31 31 31 17 1 0 0 0 0 0 0 0 
0 0 0 0 0 0 16 30 31 31 31 31 31 31 31 31 31 23 6 0 0 0 16 29 31 31 31 31 31 31 31 31 31 31 31 31 31 31 31 31 31 31 31 31 31 31 31 31 31 31 31 31 31 31 31 31 31 31 31 31 31 26 8 0 0 0 14 29 31 31 31 31 31 31 31 31 31 21 3 0 0 0 0 0 0 
0 0 0 0 0 0 29 31 31 31 31 31 31 31 31 31 19 3 0 0 1 20 30 31 31 31 31 31 31 31 31 31 31 31 31 31 31 31 31 31 31 31 31 31 31 31 31 31 31 31 31 31 31 31 31 31 31 31 31 31 31 31 29 11 1 0 0 10 28 31 31 31 31 31 31 31 31 31 23 0 0 0 0 0 0 
0 0 0 0 0 0 17 31 31 31 31 31 31 31 31 16 1 0 0 4 23 31 31 31 31 31 31 31 31 31 31 31 31 31 31 31 31 31 31 31 31 31 31 31 31 31 31 31 31 31 31 31 31 31 31 31 31 31 31 31 31 31 31 31 15 2 0 0 7 25 31 31 31 31 31 31 31 31 30 0 0 0 0 0 0 
0 0 0 0 0 0 0 22 31 31 31 31 31 30 12 1 0 0 7 26 31 31 31 31 31 31 31 31 31 31 31 31 31 31 31 31 31 31 31 31 31 31 31 31 31 31 31 31 31 31 31 31 31 31 31 31 31 31 31 31 31 31 31 31 31 18 3 0 0 4 22 31 31 31 31 31 31 31 15 0 0 0 0 0 0 
0 0 0 0 0 0 0 2 25 31 31 31 28 8 0 0 0 11 28 31 31 31 31 31 31 31 31 31 31 31 31 31 31 31 31 31 31 31 31 31 31 31 31 31 31 31 31 31 31 31 31 31 31 31 31 31 31 31 31 31 31 31 31 31 31 31 22 6 0 0 2 19 30 31 31 31 31 20 0 0 0 0 0 0 0 
0 0 0 0 0 0 0 0 5 28 31 25 6 0 0 0 12 30 31 31 31 31 31 31 31 31 31 31 31 31 31 31 31 31 31 31 31 31 31 31 31 31 31 31 31 31 31 31 31 31 31 31 31 31 31 31 31 31 31 31 31 31 31 31 31 31 31 25 7 0 0 0 15 29 31 31 23 2 0 0 0 0 0 0 0 
0 0 0 0 0 0 0 0 0 4 11 2 0 0 0 0 16 31 31 31 31 31 31 31 31 31 31 31 31 31 31 31 31 31 31 31 31 31 31 31 31 31 31 31 31 31 31 31 31 31 31 31 31 31 31 31 31 31 31 31 31 31 31 31 31 31 31 31 21 1 0 0 0 12 24 24 5 0 0 0 0 0 0 0 0 
0 0 0 0 0 0 0 0 0 0 0 0 0 0 0 0 15 30 31 31 31 31 31 31 31 31 31 31 31 31 31 31 31 31 31 31 31 31 31 31 31 31 31 31 31 31 31 31 31 31 31 31 31 31 31 31 31 31 31 31 31 31 31 31 31 31 31 31 22 1 0 0 0 0 5 3 0 0 0 0 0 0 0 0 0 
0 0 0 0 0 0 0 0 0 0 0 0 0 0 0 0 15 30 31 31 31 31 31 31 31 31 31 31 31 31 31 31 31 31 31 31 31 31 31 31 31 31 31 31 31 31 31 31 31 31 31 31 31 31 31 31 31 31 31 31 31 31 31 31 31 31 31 31 21 1 0 0 0 0 0 0 0 0 0 0 0 0 0 0 0 
0 0 0 0 0 0 0 0 0 0 0 0 0 0 0 0 15 30 31 31 31 31 31 31 31 31 31 31 31 31 31 31 31 31 31 31 31 31 31 31 31 31 31 31 31 31 31 31 31 31 31 31 31 31 31 31 31 31 31 31 31 31 31 31 31 31 31 31 21 1 0 0 0 0 0 0 0 0 0 0 0 0 0 0 0 
0 0 0 0 0 0 0 0 0 0 0 0 0 0 0 0 14 30 31 31 31 31 31 31 31 31 31 31 31 31 31 31 31 31 31 31 31 31 31 31 31 31 31 31 31 31 31 31 31 31 31 31 31 31 31 31 31 31 31 31 31 31 31 31 31 31 31 31 22 1 0 0 0 0 0 0 0 0 0 0 0 0 0 0 0 
0 0 0 0 0 0 0 0 0 0 0 0 0 0 0 0 14 30 31 31 31 31 31 31 31 31 31 31 31 31 31 31 31 31 31 31 31 31 31 31 31 31 31 31 31 31 31 31 31 31 31 31 31 31 31 31 31 31 31 31 31 31 31 31 31 31 31 31 22 2 0 0 0 0 0 0 0 0 0 0 0 0 0 0 0 
0 0 0 0 0 0 0 0 0 0 0 0 0 0 0 0 14 30 31 31 31 31 31 31 31 31 31 31 31 31 31 31 31 31 31 31 31 30 30 30 30 30 30 30 31 31 31 31 31 31 31 31 31 31 31 31 31 31 31 31 31 31 31 31 31 31 31 31 22 2 0 0 0 0 0 0 0 0 0 0 0 0 0 0 0 
0 0 0 0 0 0 0 0 0 0 0 0 0 0 0 0 14 30 31 31 31 31 31 31 31 31 31 31 31 31 31 31 31 31 31 31 26 14 10 11 11 11 11 12 12 12 12 12 21 31 31 31 31 31 31 31 31 31 31 31 31 31 31 31 31 31 31 31 22 2 0 0 0 0 0 0 0 0 0 0 0 0 0 0 0 
0 0 0 0 0 0 0 0 0 0 0 0 0 0 0 0 13 30 31 31 31 31 31 31 31 31 31 31 31 31 31 31 31 31 31 31 23 3 0 0 0 0 0 0 0 0 0 0 12 29 31 31 31 31 31 31 31 31 31 31 31 31 31 31 31 31 31 31 23 2 0 0 0 0 0 0 0 0 0 0 0 0 0 0 0 
0 0 0 0 0 0 0 0 0 0 0 0 0 0 0 0 13 29 31 31 31 31 31 31 31 31 31 31 31 31 31 31 31 31 31 31 24 5 0 0 0 0 0 0 0 0 0 0 14 29 31 31 31 31 31 31 31 31 31 31 31 31 31 31 31 31 31 31 23 2 0 0 0 0 0 0 0 0 0 0 0 0 0 0 0 
0 0 0 0 0 0 0 0 0 0 0 0 0 0 0 0 12 29 31 31 31 31 31 31 31 31 31 31 31 31 31 31 31 31 31 31 24 5 0 0 0 0 0 0 0 0 0 0 13 29 31 31 31 31 31 31 31 31 31 31 31 31 31 31 31 31 31 31 23 3 0 0 0 0 0 0 0 0 0 0 0 0 0 0 0 
0 0 0 0 0 0 0 0 0 0 0 0 0 0 0 0 12 29 31 31 31 31 31 31 31 31 31 31 31 31 31 31 31 31 31 31 25 6 0 0 0 0 0 0 0 0 0 0 13 29 31 31 31 31 31 31 31 31 31 31 31 31 31 31 31 31 31 31 23 3 0 0 0 0 0 0 0 0 0 0 0 0 0 0 0 
0 0 0 0 0 0 0 0 0 0 0 0 0 0 0 0 12 29 31 31 31 31 31 31 31 31 31 31 31 31 31 31 31 31 31 31 25 6 0 0 0 0 0 0 0 0 0 0 13 29 31 31 31 31 31 31 31 31 31 31 31 31 31 31 31 31 31 31 24 3 0 0 0 0 0 0 0 0 0 0 0 0 0 0 0 
0 0 0 0 0 0 0 0 0 0 0 0 0 0 0 0 12 29 31 31 31 31 31 31 31 31 31 31 31 31 31 31 31 31 31 31 25 6 0 0 0 0 0 0 0 0 0 0 13 29 31 31 31 31 31 31 31 31 31 31 31 31 31 31 31 31 31 31 24 3 0 0 0 0 0 0 0 0 0 0 0 0 0 0 0 
0 0 0 0 0 0 0 0 0 0 0 0 0 0 0 0 12 29 31 31 31 31 31 31 31 31 31 31 31 31 31 31 31 31 31 31 25 6 0 0 0 0 0 0 0 0 0 0 12 29 31 31 31 31 31 31 31 31 31 31 31 31 31 31 31 31 31 31 24 4 0 0 0 0 0 0 0 0 0 0 0 0 0 0 0 
0 0 0 0 0 0 0 0 0 0 0 0 0 0 0 0 11 29 31 31 31 31 31 31 31 31 31 31 31 31 31 31 31 31 31 31 25 6 0 0 0 0 0 0 0 0 0 0 12 29 31 31 31 31 31 31 31 31 31 31 31 31 31 31 31 31 31 31 24 4 0 0 0 0 0 0 0 0 0 0 0 0 0 0 0 
0 0 0 0 0 0 0 0 0 0 0 0 0 0 0 0 11 28 31 31 31 31 31 31 31 31 31 31 31 31 31 31 31 31 31 31 25 7 0 0 0 0 0 0 0 0 0 0 12 29 31 31 31 31 31 31 31 31 31 31 31 31 31 31 31 31 31 31 24 4 0 0 0 0 0 0 0 0 0 0 0 0 0 0 0 
0 0 0 0 0 0 0 0 0 0 0 0 0 0 0 0 11 28 31 31 31 31 31 31 31 31 31 31 31 31 31 31 31 31 31 31 26 7 0 0 0 0 0 0 0 0 0 0 12 29 31 31 31 31 31 31 31 31 31 31 31 31 31 31 31 31 31 31 25 4 0 0 0 0 0 0 0 0 0 0 0 0 0 0 0 
0 0 0 0 0 0 0 0 0 0 0 0 0 0 0 0 11 28 31 31 31 31 31 31 31 31 31 31 31 31 31 31 31 31 31 31 26 7 0 0 0 0 0 0 0 0 0 0 12 28 31 31 31 31 31 31 31 31 31 31 31 31 31 31 31 31 31 31 25 4 0 0 0 0 0 0 0 0 0 0 0 0 0 0 0 
0 0 0 0 0 0 0 0 0 0 0 0 0 0 0 0 10 28 31 31 31 31 31 31 31 31 31 31 31 31 31 31 31 31 31 31 26 7 0 0 0 0 0 0 0 0 0 0 11 28 31 31 31 31 31 31 31 31 31 31 31 31 31 31 31 31 31 31 25 5 0 0 0 0 0 0 0 0 0 0 0 0 0 0 0 
0 0 0 0 0 0 0 0 0 0 0 0 0 0 0 0 10 28 31 31 31 31 31 31 31 31 31 31 31 31 31 31 31 31 31 31 26 8 0 0 0 0 0 0 0 0 0 0 11 28 31 31 31 31 31 31 31 31 31 31 31 31 31 31 31 31 31 31 25 5 0 0 0 0 0 0 0 0 0 0 0 0 0 0 0 
0 0 0 0 0 0 0 0 0 0 0 0 0 0 0 0 10 28 31 31 31 31 31 31 31 31 31 31 31 31 31 31 31 31 31 31 26 8 0 0 0 0 0 0 0 0 0 0 11 28 31 31 31 31 31 31 31 31 31 31 31 31 31 31 31 31 31 31 26 5 0 0 0 0 0 0 0 0 0 0 0 0 0 0 0 
0 0 0 0 0 0 0 0 0 0 0 0 0 0 0 0 7 26 31 31 31 31 31 31 31 31 31 31 31 31 31 31 31 31 31 31 26 8 0 0 0 0 0 0 0 0 0 0 11 28 31 31 31 31 31 31 31 31 31 31 31 31 31 31 31 31 31 31 26 6 0 0 0 0 0 0 0 0 0 0 0 0 0 0 0 
0 0 0 0 0 0 0 0 0 0 0 0 0 0 0 0 0 15 29 31 31 31 31 31 31 31 31 31 31 31 31 31 31 31 31 31 27 9 0 0 0 0 0 0 0 0 0 0 11 28 31 31 31 31 31 31 31 31 31 31 31 31 31 31 31 31 31 31 20 3 0 0 0 0 0 0 0 0 0 0 0 0 0 0 0 
0 0 0 0 0 0 0 0 0 0 0 0 0 0 0 0 0 1 12 20 21 22 22 22 23 23 23 23 24 24 24 24 25 25 25 28 23 7 0 0 0 0 0 0 0 0 0 0 9 27 31 29 30 30 30 30 30 31 31 31 31 31 31 31 31 31 31 22 6 0 0 0 0 0 0 0 0 0 0 0 0 0 0 0 0 
0 0 0 0 0 0 0 0 0 0 0 0 0 0 0 0 0 0 0 0 0 0 0 0 0 0 0 0 0 0 0 0 0 0 0 0 0 0 0 0 0 0 0 0 0 0 0 0 0 0 0 0 0 0 0 0 0 0 0 0 0 0 0 0 0 0 0 0 0 0 0 0 0 0 0 0 0 0 0 0 0 0 0 0 0 
0 0 0 0 0 0 0 0 0 0 0 0 0 0 0 0 0 0 0 0 0 0 0 0 0 0 0 0 0 0 0 0 0 0 0 0 0 0 0 0 0 0 0 0 0 0 0 0 0 0 0 0 0 0 0 0 0 0 0 0 0 0 0 0 0 0 0 0 0 0 0 0 0 0 0 0 0 0 0 0 0 0 0 0 0 
0 0 0 0 0 0 0 0 0 0 0 0 0 0 0 0 0 0 0 0 0 0 0 0 0 0 0 0 0 0 0 0 0 0 0 0 0 0 0 0 0 0 0 0 0 0 0 0 0 0 0 0 0 0 0 0 0 0 0 0 0 0 0 0 0 0 0 0 0 0 0 0 0 0 0 0 0 0 0 0 0 0 0 0 0 
0 0 0 0 0 0 0 0 0 0 0 0 0 0 0 0 0 0 0 0 0 0 0 0 0 0 0 0 0 0 0 0 0 0 0 0 0 0 0 0 0 0 0 0 0 0 0 0 0 0 0 0 0 0 0 0 0 0 0 0 0 0 0 0 0 0 0 0 0 0 0 0 0 0 0 0 0 0 0 0 0 0 0 0 0 
0 0 0 0 0 0 0 0 0 0 0 0 0 0 0 0 0 0 0 0 0 0 0 0 0 0 0 0 0 0 0 0 0 0 0 0 0 0 0 0 0 0 0 0 0 0 0 0 0 0 0 0 0 0 0 0 0 0 0 0 0 0 0 0 0 0 0 0 0 0 0 0 0 0 0 0 0 0 0 0 0 0 0 0 0 
0 0 0 0 0 0 0 0 0 0 0 0 0 0 0 0 0 0 0 0 0 0 0 0 0 0 0 0 0 0 0 0 0 0 0 0 0 0 0 0 0 0 0 0 0 0 0 0 0 0 0 0 0 0 0 0 0 0 0 0 0 0 0 0 0 0 0 0 0 0 0 0 0 0 0 0 0 0 0 0 0 0 0 0 0 
0 0 0 0 0 0 0 0 0 0 0 0 0 0 0 0 0 0 0 0 0 0 0 0 0 0 0 0 0 0 0 0 0 0 0 0 0 0 0 0 0 0 0 0 0 0 0 0 0 0 0 0 0 0 0 0 0 0 0 0 0 0 0 0 0 0 0 0 0 0 0 0 0 0 0 0 0 0 0 0 0 0 0 0 0 
0 0 0 0 0 0 0 0 0 0 0 0 0 0 0 0 0 0 0 0 0 0 0 0 0 0 0 0 0 0 0 0 0 0 0 0 0 0 0 0 0 0 0 0 0 0 0 0 0 0 0 0 0 0 0 0 0 0 0 0 0 0 0 0 0 0 0 0 0 0 0 0 0 0 0 0 0 0 0 0 0 0 0 0 0 

31 31 31 31 31 31 31 31 31 31 31 31 31 31 31 31 31 31 31 31 31 31 31 31 31 31 31 31 31 31 31 31 31 31 31 31 31 31 31 31 31 31 31 31 31 31 31 31 31 31 31 31 31 31 31 31 31 31 31 31 31 31 31 31 31 31 31 31 31 31 31 31 31 31 31 31 31 31 31 31 31 31 31 31 
31 31 31 31 31 31 31 31 31 31 31 31 31 31 31 31 31 31 31 31 31 31 31 31 31 31 31 31 31 31 31 31 31 31 31 31 31 31 31 31 31 31 31 31 31 31 31 31 31 31 31 31 31 31 31 31 31 31 31 31 31 31 31 31 31 31 31 31 31 31 31 31 31 31 31 31 31 31 31 31 31 31 31 31 
31 31 31 31 31 31 31 31 31 31 31 31 31 31 31 31 31 31 31 31 31 31 31 31 31 31 31 31 31 31 31 31 31 31 31 31 31 31 31 31 31 31 31 31 31 31 31 31 31 31 31 31 31 31 31 31 31 31 31 31 31 31 31 31 31 31 31 31 31 31 31 31 31 31 31 31 31 31 31 31 31 31 31 31 
31 31 31 31 31 31 31 31 31 31 31 31 31 31 31 31 31 31 31 31 31 31 31 31 31 31 31 31 31 31 31 31 31 31 31 31 31 31 31 31 31 31 31 31 31 31 31 31 31 31 31 31 31 31 31 31 31 31 31 31 31 31 31 31 31 31 31 31 31 31 31 31 31 31 31 31 31 31 31 31 31 31 31 31 
31 31 31 31 31 31 31 31 31 31 31 31 31 31 31 31 31 31 31 31 31 31 31 31 31 31 31 31 31 31 31 31 31 31 31 31 31 31 31 31 31 31 31 31 31 31 31 31 31 31 31 31 31 31 31 31 31 31 31 31 31 31 31 31 31 31 31 31 31 31 31 31 31 31 31 31 31 31 31 31 31 31 31 31 
31 31 31 31 31 31 31 31 31 31 31 31 31 31 31 31 31 31 31 31 31 31 31 31 31 31 31 31 31 31 31 31 31 31 31 31 31 31 31 31 31 31 31 31 31 31 31 31 31 31 31 31 31 31 31 31 31 31 31 31 31 31 31 31 31 31 31 31 31 31 31 31 31 31 31 31 31 31 31 31 31 31 31 31 
31 31 31 31 31 31 31 31 31 31 31 31 31 31 31 31 31 31 31 31 31 31 31 31 31 31 31 31 31 31 31 31 31 31 31 31 31 31 31 31 31 31 31 31 31 31 31 31 31 31 31 31 31 31 31 31 31 31 31 31 31 31 31 31 31 31 31 31 31 31 31 31 31 31 31 31 31 31 31 31 31 31 31 31 
31 31 31 31 31 31 31 31 31 31 31 31 31 31 31 31 31 31 31 31 31 31 31 31 31 31 31 31 31 31 31 31 31 31 31 31 31 31 31 31 31 31 31 31 31 31 31 31 31 31 31 31 31 31 31 31 31 31 31 31 31 31 31 31 31 31 31 31 31 31 31 31 31 31 31 31 31 31 31 31 31 31 31 31 
31 31 31 31 31 31 31 31 31 31 31 31 31 31 31 31 31 31 31 31 31 31 31 31 31 31 31 31 31 31 31 31 31 31 31 31 31 31 31 31 31 31 31 31 31 31 31 31 31 31 31 31 31 31 31 31 31 31 31 31 31 31 31 31 31 31 31 31 31 31 31 31 31 31 31 31 31 31 31 31 31 31 31 31 
31 31 31 31 31 31 31 31 31 31 31 31 31 31 31 31 31 31 31 31 31 31 31 31 31 31 31 31 31 31 31 31 31 31 31 31 31 30 23 10 4 4 4 8 19 30 31 31 31 31 31 31 31 31 31 29 18 11 11 12 12 12 12 13 13 13 14 22 31 31 31 31 31 31 31 31 31 31 31 31 31 31 31 31 
31 31 31 31 31 31 31 31 31 31 31 31 31 31 31 31 31 31 31 31 31 31 31 31 31 31 31 31 31 31 31 31 31 31 31 31 28 14 0 0 0 0 0 0 0 9 27 31 31 31 31 31 31 31 31 21 0 0 0 0 0 0 0 0 0 0 0 5 22 31 31 31 31 31 31 31 31 31 31 31 31 31 31 31 
31 31 31 31 31 31 31 31 31 31 31 31 31 31 31 31 31 31 31 31 31 31 31 31 31 31 31 31 31 31 31 31 31 31 31 27 12 0 0 0 0 0 0 0 0 1 6 24 31 31 31 31 31 31 31 20 0 0 0 0 0 0 0 0 0 0 0 2 19 31 31 31 31 31 31 31 31 31 31 31 31 31 31 31 
31 31 31 31 31 31 31 31 31 31 31 31 31 31 31 31 31 31 31 31 31 31 31 31 31 31 31 31 31 31 31 31 31 31 25 8 0 0 0 0 0 0 0 0 0 0 0 4 21 31 31 31 31 31 31 21 0 0 0 0 0 0 0 0 0 0 0 3 19 31 31 31 31 31 31 31 31 31 31 31 31 31 31 31 
31 31 31 31 31 31 31 31 31 31 31 31 31 31 31 31 31 31 31 31 31 31 31 31 31 31 31 31 31 31 31 31 31 22 6 0 0 0 0 0 0 0 0 0 0 0 0 0 3 18 31 31 31 31 31 21 0 0 0 0 0 0 0 0 0 0 0 3 19 31 31 31 31 31 31 31 31 31 31 31 31 31 31 31 
31 31 31 31 31 31 31 31 31 31 31 31 31 31 31 31 31 31 31 31 31 31 31 31 31 31 31 31 31 31 31 30 19 4 0 0 0 0 0 0 0 0 0 0 0 0 0 0 0 2 14 30 31 31 31 22 0 0 0 0 0 0 0 0 0 0 0 3 19 31 31 31 31 31 31 31 31 31 31 31 31 31 31 31 
31 31 31 31 31 31 31 31 31 31 31 31 31 31 31 31 31 31 31 31 31 31 31 31 31 31 31 31 31 31 29 15 1 0 0 0 0 0 0 0 0 0 0 0 0 0 0 0 0 0 1 11 28 31 31 22 0 0 0 0 0 0 0 0 0 0 0 3 19 31 31 31 31 31 31 31 31 31 31 31 31 31 31 31 
31 31 31 31 31 31 31 31 31 31 31 31 31 31 31 31 31 31 31 31 31 31 31 31 31 31 31 31 31 28 12 0 0 0 0 0 0 0 0 0 0 1 0 0 0 0 0 0 0 0 0 0 8 26 31 22 0 0 0 0 0 0 0 0 0 0 0 2 18 31 31 31 31 31 31 31 31 31 31 31 31 31 31 31 
31 31 31 31 31 31 31 31 31 31 31 31 31 31 31 31 31 31 31 31 31 31 31 31 31 31 31 31 26 9 0 0 0 0 0 0 0 0 0 0 2 14 7 0 0 0 0 0 0 0 0 0 0 6 23 23 0 0 0 0 0 0 0 0 0 0 0 2 18 31 31 31 31 31 31 31 31 31 31 31 31 31 31 31 
31 31 31 31 31 31 31 31 31 31 31 31 31 31 31 31 31 31 31 31 31 31 31 31 31 31 31 24 6 0 0 0 0 0 0 0 0 0 0 2 18 31 26 9 0 0 0 0 0 0 0 0 0 0 3 22 2 0 0 0 0 0 0 0 0 0 0 2 18 31 31 31 31 31 31 31 31 31 31 31 31 31 31 31 
31 31 31 31 31 31 31 31 31 31 31 31 31 31 31 31 31 31 31 31 31 31 31 31 31 31 22 3 0 0 0 0 0 0 0 0 0 0 4 21 31 31 31 28 12 0 0 0 0 0 0 0 0 0 0 2 1 0 0 0 0 0 0 0 0 0 0 2 17 31 31 31 31 31 31 31 31 31 31 31 31 31 31 31 
31 31 31 31 31 31 31 31 31 31 31 31 31 31 31 31 31 31 31 31 31 31 31 31 30 17 1 0 0 0 0 0 0 0 0 0 0 7 24 31 31 31 30 31 29 15 1 0 0 0 0 0 0 0 0 0 0 0 0 0 0 0 0 0 0 0 0 2 17 31 31 31 31 31 31 31 31 31 31 31 31 31 31 31 
31 31 31 31 31 31 31 31 31 31 31 31 31 31 31 31 31 31 31 31 31 31 31 29 14 1 0 0 0 0 0 0 0 0 0 1 10 27 31 30 19 10 9 24 31 30 19 3 0 0 0 0 0 0 0 0 0 0 0 0 0 0 0 0 0 0 0 2 17 31 31 31 31 31 31 31 31 31 31 31 31 31 31 31 
31 31 31 31 31 31 31 31 31 31 31 31 31 31 31 31 31 31 31 31 31 31 29 10 0 0 0 0 0 0 0 0 0 0 1 12 28 31 30 16 2 0 0 5 21 31 31 22 5 0 0 0 0 0 0 0 0 0 0 0 0 0 0 0 0 0 0 2 17 31 31 31 31 31 31 31 31 31 31 31 31 31 31 31 
31 31 31 31 31 31 31 31 31 31 31 31 31 31 31 31 31 31 31 31 31 25 6 0 0 0 0 0 0 0 0 0 0 2 16 30 31 29 12 0 0 0 0 0 3 18 31 31 25 7 0 0 0 0 0 0 0 0 0 0 0 0 0 0 0 0 0 1 16 31 31 31 31 31 31 31 31 31 31 31 31 31 31 31 
31 31 31 31 31 31 31 31 31 31 31 31 31 31 31 31 31 31 31 31 23 3 0 0 0 0 0 0 0 0 0 0 3 20 31 31 27 8 0 0 0 0 0 0 0 2 14 31 31 27 10 0 0 0 0 0 0 0 0 0 0 0 0 0 0 0 0 2 16 31 31 31 31 31 31 31 31 31 31 31 31 31 31 31 
31 31 31 31 31 31 31 31 31 31 31 31 31 31 31 31 31 31 30 19 0 0 0 0 0 0 0 0 0 0 0 5 23 31 31 24 4 0 0 0 0 0 0 0 0 0 1 11 29 31 28 14 0 0 0 0 0 0 0 0 0 0 0 0 0 0 0 2 16 31 31 31 31 31 31 31 31 31 31 31 31 31 31 31 
31 31 31 31 31 31 31 31 31 31 31 31 31 31 31 31 31 29 16 0 0 0 0 0 0 0 0 0 0 0 7 26 31 31 21 2 0 0 0 0 0 0 0 0 0 0 0 1 8 26 31 29 17 0 0 0 0 0 0 0 0 0 0 0 0 0 0 1 15 31 31 31 31 31 31 31 31 31 31 31 31 31 31 31 
31 31 31 31 31 31 31 31 31 31 31 31 31 31 31 31 27 12 0 0 0 0 0 0 0 0 0 0 1 10 29 31 29 15 0 0 0 0 0 0 0 0 0 0 0 0 0 0 0 5 22 31 30 21 2 0 0 0 0 0 0 0 0 0 0 0 0 1 15 31 31 31 31 31 31 31 31 31 31 31 31 31 31 31 
31 31 31 31 31 31 31 31 31 31 31 31 31 31 31 26 8 0 0 0 0 0 0 0 0 0 0 2 14 31 31 28 12 0 0 0 0 0 0 0 0 0 0 0 0 0 0 0 0 0 3 19 31 31 24 5 0 0 0 0 0 0 0 0 0 0 0 2 16 31 31 31 31 31 31 31 31 31 31 31 31 31 31 31 
31 31 31 31 31 31 31 31 31 31 31 31 31 31 23 6 0 0 0 0 0 0 0 0 0 0 4 18 31 31 26 8 0 0 0 0 0 0 0 0 0 0 0 0 0 0 0 0 0 0 0 1 15 31 31 28 8 0 0 0 0 0 0 0 0 0 0 1 13 31 31 31 31 31 31 31 31 31 31 31 31 31 31 31 
31 31 31 31 31 31 31 31 31 31 31 31 31 20 3 0 0 0 0 0 0 0 0 0 0 5 21 31 31 23 5 0 0 0 0 0 0 0 0 0 0 0 0 0 0 0 0 0 0 0 0 0 1 11 29 31 30 12 0 0 0 0 0 0 0 0 0 0 2 15 31 31 31 31 31 31 31 31 31 31 31 31 31 31 
31 31 31 31 31 31 31 31 31 31 31 30 16 2 0 0 0 0 0 0 0 0 0 0 8 24 31 30 20 2 0 0 0 0 0 0 0 0 0 0 0 0 0 0 0 0 0 0 0 0 0 0 0 0 7 27 31 31 16 0 0 0 0 0 0 0 0 0 0 2 12 30 31 31 31 31 31 31 31 31 31 31 31 31 
31 31 31 31 31 31 31 31 31 31 29 13 1 0 0 0 0 0 0 0 0 0 1 10 27 31 29 16 0 0 0 0 0 0 0 0 0 0 0 0 0 0 0 0 0 0 0 0 0 0 0 0 0 0 1 4 24 31 31 20 0 0 0 0 0 0 0 0 0 0 1 9 28 31 31 31 31 31 31 31 31 31 31 31 
31 31 31 31 31 31 31 31 31 27 10 0 0 0 0 0 0 0 0 0 0 0 14 29 31 28 13 0 0 0 0 0 0 0 0 0 0 0 0 0 0 0 0 0 0 0 0 0 0 0 0 0 0 0 0 0 1 21 31 31 24 4 0 0 0 0 0 0 0 0 0 0 5 25 31 31 31 31 31 31 31 31 31 31 
31 31 31 31 31 31 31 31 25 6 0 0 0 0 0 0 0 0 0 0 1 16 30 31 25 9 0 0 0 0 0 0 0 0 0 0 0 0 0 0 0 0 0 0 0 0 0 0 0 0 0 0 0 0 0 0 0 1 17 30 31 27 7 0 0 0 0 0 0 0 0 0 0 3 22 31 31 31 31 31 31 31 31 31 
31 31 31 31 31 31 31 21 4 0 0 0 0 0 0 0 0 0 0 4 20 31 31 22 6 0 0 0 0 0 0 0 0 0 0 0 0 0 0 0 0 0 0 0 0 0 0 0 0 0 0 0 0 0 0 0 0 0 0 13 29 31 29 10 0 0 0 0 0 0 0 0 0 0 1 18 31 31 31 31 31 31 31 31 
31 31 31 31 31 31 18 3 0 0 0 0 0 0 0 0 0 0 6 23 31 31 19 4 0 0 0 0 0 0 0 0 0 0 0 0 0 0 0 0 0 0 0 0 0 0 0 0 0 0 0 0 0 0 0 0 0 0 0 0 9 27 31 31 14 1 0 0 0 0 0 0 0 0 0 1 14 30 31 31 31 31 31 31 
31 31 31 31 31 15 1 0 0 0 0 0 0 0 0 0 0 8 25 31 31 15 2 0 0 0 0 0 0 0 0 0 0 0 0 0 0 0 0 0 0 0 0 0 0 0 0 0 0 0 0 0 0 0 0 0 0 0 0 0 0 5 24 31 31 17 3 0 0 0 0 0 0 0 0 0 0 10 28 31 31 31 31 31 
31 31 31 31 31 2 0 0 0 0 0 0 0 0 0 0 12 28 31 30 12 1 0 0 0 0 0 0 0 0 0 0 0 0 0 0 0 0 0 0 0 0 0 0 0 0 0 0 0 0 0 0 0 0 0 0 0 0 0 0 0 0 2 20 30 31 21 4 0 0 0 0 0 0 0 0 0 0 8 31 31 31 31 31 
31 31 31 31 31 14 0 0 0 0 0 0 0 0 0 16 30 31 27 9 1 0 0 0 0 0 0 0 0 0 0 0 0 0 0 0 0 0 0 0 0 0 0 0 0 0 0 0 0 0 0 0 0 0 0 0 0 0 0 0 0 0 0 0 16 29 31 24 6 0 0 0 0 0 0 0 0 0 1 31 31 31 31 31 
31 31 31 31 31 31 10 0 0 0 0 0 0 2 19 30 31 24 6 0 0 0 0 0 0 0 0 0 0 0 0 0 0 0 0 0 0 0 0 0 0 0 0 0 0 0 0 0 0 0 0 0 0 0 0 0 0 0 0 0 0 0 0 0 0 13 28 31 27 10 0 0 0 0 0 0 0 0 16 31 31 31 31 31 
31 31 31 31 31 31 29 6 0 0 0 0 4 23 31 31 20 4 0 0 0 0 0 0 0 0 0 0 0 0 0 0 0 0 0 0 0 0 0 0 0 0 0 0 0 0 0 0 0 0 0 0 0 0 0 0 0 0 0 0 0 0 0 0 0 0 9 26 31 29 13 1 0 0 0 0 0 12 31 31 31 31 31 31 
31 31 31 31 31 31 31 26 3 1 1 6 26 31 31 19 2 0 0 0 0 0 0 0 0 0 0 0 0 0 0 0 0 0 0 0 0 0 0 0 0 0 0 0 0 0 0 0 0 0 0 0 0 0 0 0 0 0 0 0 0 0 0 0 0 0 0 6 24 31 31 16 3 0 0 0 8 29 31 31 31 31 31 31 
31 31 31 31 31 31 31 31 27 20 20 29 31 31 31 15 1 0 0 0 0 0 0 0 0 0 0 0 0 0 0 0 0 0 0 0 0 0 0 0 0 0 0 0 0 0 0 0 0 0 0 0 0 0 0 0 0 0 0 0 0 0 0 0 0 0 0 0 10 30 31 31 19 7 7 8 26 31 31 31 31 31 31 31 
31 31 31 31 31 31 31 31 31 31 31 31 31 31 31 16 1 0 0 0 0 0 0 0 0 0 0 0 0 0 0 0 0 0 0 0 0 0 0 0 0 0 0 0 0 0 0 0 0 0 0 0 0 0 0 0 0 0 0 0 0 0 0 0 0 0 0 0 10 30 31 31 31 26 26 29 31 31 31 31 31 31 31 31 
31 31 31 31 31 31 31 31 31 31 31 31 31 31 31 16 1 0 0 0 0 0 0 0 0 0 0 0 0 0 0 0 0 0 0 0 0 0 0 0 0 0 0 0 0 0 0 0 0 0 0 0 0 0 0 0 0 0 0 0 0 0 0 0 0 0 0 0 10 30 31 31 31 31 31 31 31 31 31 31 31 31 31 31 
31 31 31 31 31 31 31 31 31 31 31 31 31 31 31 16 1 0 0 0 0 0 0 0 0 0 0 0 0 0 0 0 0 0 0 0 0 0 0 0 0 0 0 0 0 0 0 0 0 0 0 0 0 0 0 0 0 0 0 0 0 0 0 0 0 0 0 0 10 30 31 31 31 31 31 31 31 31 31 31 31 31 31 31 
31 31 31 31 31 31 31 31 31 31 31 31 31 31 31 17 2 0 0 0 0 0 0 0 0 0 0 0 0 0 0 0 0 0 0 0 0 0 0 0 0 0 0 0 0 0 0 0 0 0 0 0 0 0 0 0 0 0 0 0 0 0 0 0 0 0 0 0 10 30 31 31 31 31 31 31 31 31 31 31 31 31 31 31 
31 31 31 31 31 31 31 31 31 31 31 31 31 31 31 17 2 0 0 0 0 0 0 0 0 0 0 0 0 0 0 0 0 0 0 0 0 0 0 0 0 0 0 0 0 0 0 0 0 0 0 0 0 0 0 0 0 0 0 0 0 0 0 0 0 0 0 0 9 29 31 31 31 31 31 31 31 31 31 31 31 31 31 31 
31 31 31 31 31 31 31 31 31 31 31 31 31 31 31 17 1 0 0 0 0 0 0 0 0 0 0 0 0 0 0 0 0 0 0 0 0 1 1 1 1 1 1 1 0 0 0 0 0 0 0 0 0 0 0 0 0 0 0 0 0 0 0 0 0 0 0 0 9 29 31 31 31 31 31 31 31 31 31 31 31 31 31 31 
31 31 31 31 31 31 31 31 31 31 31 31 31 31 31 17 1 0 0 0 0 0 0 0 0 0 0 0 0 0 0 0 0 0 0 0 5 18 21 20 20 20 20 19 19 19 19 11 1 0 0 0 0 0 0 0 0 0 0 0 0 0 0 0 0 0 0 0 9 29 31 31 31 31 31 31 31 31 31 31 31 31 31 31 
31 31 31 31 31 31 31 31 31 31 31 31 31 31 31 18 2 0 0 0 0 0 0 0 0 0 0 0 0 0 0 0 0 0 0 0 9 28 31 31 31 31 31 31 31 31 31 19 2 0 0 0 0 0 0 0 0 0 0 0 0 0 0 0 0 0 0 0 9 29 31 31 31 31 31 31 31 31 31 31 31 31 31 31 
31 31 31 31 31 31 31 31 31 31 31 31 31 31 31 18 2 0 0 0 0 0 0 0 0 0 0 0 0 0 0 0 0 0 0 0 7 26 31 31 31 31 31 31 31 31 31 17 2 0 0 0 0 0 0 0 0 0 0 0 0 0 0 0 0 0 0 0 9 29 31 31 31 31 31 31 31 31 31 31 31 31 31 31 
31 31 31 31 31 31 31 31 31 31 31 31 31 31 31 19 3 0 0 0 0 0 0 0 0 0 0 0 0 0 0 0 0 0 0 0 7 26 31 31 31 31 31 31 31 31 31 18 2 0 0 0 0 0 0 0 0 0 0 0 0 0 0 0 0 0 0 0 8 28 31 31 31 31 31 31 31 31 31 31 31 31 31 31 
31 31 31 31 31 31 31 31 31 31 31 31 31 31 31 19 3 0 0 0 0 0 0 0 0 0 0 0 0 0 0 0 0 0 0 0 6 26 31 31 31 31 31 31 31 31 31 18 2 0 0 0 0 0 0 0 0 0 0 0 0 0 0 0 0 0 0 0 8 28 31 31 31 31 31 31 31 31 31 31 31 31 31 31 
31 31 31 31 31 31 31 31 31 31 31 31 31 31 31 19 3 0 0 0 0 0 0 0 0 0 0 0 0 0 0 0 0 0 0 0 6 25 31 31 31 31 31 31 31 31 31 18 2 0 0 0 0 0 0 0 0 0 0 0 0 0 0 0 0 0 0 0 8 28 31 31 31 31 31 31 31 31 31 31 31 31 31 31 
31 31 31 31 31 31 31 31 31 31 31 31 31 31 31 19 2 0 0 0 0 0 0 0 0 0 0 0 0 0 0 0 0 0 0 0 7 25 31 31 31 31 31 31 31 31 31 18 2 0 0 0 0 0 0 0 0 0 0 0 0 0 0 0 0 0 0 0 8 28 31 31 31 31 31 31 31 31 31 31 31 31 31 31 
31 31 31 31 31 31 31 31 31 31 31 31 31 31 31 19 2 0 0 0 0 0 0 0 0 0 0 0 0 0 0 0 0 0 0 0 7 25 31 31 31 31 31 31 31 31 31 19 3 0 0 0 0 0 0 0 0 0 0 0 0 0 0 0 0 0 0 0 7 27 31 31 31 31 31 31 31 31 31 31 31 31 31 31 
31 31 31 31 31 31 31 31 31 31 31 31 31 31 31 20 3 0 0 0 0 0 0 0 0 0 0 0 0 0 0 0 0 0 0 0 7 25 31 31 31 31 31 31 31 31 31 19 3 0 0 0 0 0 0 0 0 0 0 0 0 0 0 0 0 0 0 0 7 27 31 31 31 31 31 31 31 31 31 31 31 31 31 31 
31 31 31 31 31 31 31 31 31 31 31 31 31 31 31 20 3 0 0 0 0 0 0 0 0 0 0 0 0 0 0 0 0 0 0 0 6 24 31 31 31 31 31 31 31 31 31 19 3 0 0 0 0 0 0 0 0 0 0 0 0 0 0 0 0 0 0 0 7 27 31 31 31 31 31 31 31 31 31 31 31 31 31 31 
31 31 31 31 31 31 31 31 31 31 31 31 31 31 31 20 3 0 0 0 0 0 0 0 0 0 0 0 0 0 0 0 0 0 0 0 6 24 31 31 31 31 31 31 31 31 31 19 3 0 0 0 0 0 0 0 0 0 0 0 0 0 0 0 0 0 0 0 7 27 31 31 31 31 31 31 31 31 31 31 31 31 31 31 
31 31 31 31 31 31 31 31 31 31 31 31 31 31 31 20 3 0 0 0 0 0 0 0 0 0 0 0 0 0 0 0 0 0 0 0 6 24 31 31 31 31 31 31 31 31 31 19 3 0 0 0 0 0 0 0 0 0 0 0 0 0 0 0 0 0 0 0 7 27 31 31 31 31 31 31 31 31 31 31 31 31 31 31 
31 31 31 31 31 31 31 31 31 31 31 31 31 31 31 21 4 0 0 0 0 0 0 0 0 0 0 0 0 0 0 0 0 0 0 0 6 24 31 31 31 31 31 31 31 31 31 20 3 0 0 0 0 0 0 0 0 0 0 0 0 0 0 0 0 0 0 0 6 26 31 31 31 31 31 31 31 31 31 31 31 31 31 31 
31 31 31 31 31 31 31 31 31 31 31 31 31 31 31 21 4 0 0 0 0 0 0 0 0 0 0 0 0 0 0 0 0 0 0 0 5 23 31 31 31 31 31 31 31 31 31 20 3 0 0 0 0 0 0 0 0 0 0 0 0 0 0 0 0 0 0 0 6 26 31 31 31 31 31 31 31 31 31 31 31 31 31 31 
31 31 31 31 31 31 31 31 31 31 31 31 31 31 31 21 3 0 0 0 0 0 0 0 0 0 0 0 0 0 0 0 0 0 0 0 5 23 31 31 31 31 31 31 31 31 31 20 3 0 0 0 0 0 0 0 0 0 0 0 0 0 0 0 0 0 0 0 6 26 31 31 31 31 31 31 31 31 31 31 31 31 31 31 
31 31 31 31 31 31 31 31 31 31 31 31 31 31 31 24 5 0 0 0 0 0 0 0 0 0 0 0 0 0 0 0 0 0 0 0 5 23 31 31 31 31 31 31 31 31 31 20 3 0 0 0 0 0 0 0 0 0 0 0 0 0 0 0 0 0 0 0 5 26 31 31 31 31 31 31 31 31 31 31 31 31 31 31 
31 31 31 31 31 31 31 31 31 31 31 31 31 31 31 31 16 3 0 0 0 0 0 0 0 0 0 0 0 0 0 0 0 0 0 0 4 23 31 31 31 31 31 31 31 31 31 20 3 0 0 0 0 0 0 0 0 0 0 0 0 0 0 0 0 0 0 0 11 28 31 31 31 31 31 31 31 31 31 31 31 31 31 31 
31 31 31 31 31 31 31 31 31 31 31 31 31 31 31 31 30 19 11 10 10 9 9 9 8 8 8 8 7 7 7 7 6 6 4 3 9 24 31 31 31 31 31 31 31 31 31 22 4 1 1 2 1 1 1 1 1 0 0 0 0 0 0 0 0 0 0 10 25 31 31 31 31 31 31 31 31 31 31 31 31 31 31 31 
31 31 31 31 31 31 31 31 31 31 31 31 31 31 31 31 31 31 31 31 31 31 31 31 31 31 31 31 31 31 31 31 31 31 31 31 31 31 31 31 31 31 31 31 31 31 31 31 31 31 31 31 31 31 31 31 31 31 31 31 31 31 31 31 31 31 31 31 31 31 31 31 31 31 31 31 31 31 31 31 31 31 31 31 
31 31 31 31 31 31 31 31 31 31 31 31 31 31 31 31 31 31 31 31 31 31 31 31 31 31 31 31 31 31 31 31 31 31 31 31 31 31 31 31 31 31 31 31 31 31 31 31 31 31 31 31 31 31 31 31 31 31 31 31 31 31 31 31 31 31 31 31 31 31 31 31 31 31 31 31 31 31 31 31 31 31 31 31 
31 31 31 31 31 31 31 31 31 31 31 31 31 31 31 31 31 31 31 31 31 31 31 31 31 31 31 31 31 31 31 31 31 31 31 31 31 31 31 31 31 31 31 31 31 31 31 31 31 31 31 31 31 31 31 31 31 31 31 31 31 31 31 31 31 31 31 31 31 31 31 31 31 31 31 31 31 31 31 31 31 31 31 31 
31 31 31 31 31 31 31 31 31 31 31 31 31 31 31 31 31 31 31 31 31 31 31 31 31 31 31 31 31 31 31 31 31 31 31 31 31 31 31 31 31 31 31 31 31 31 31 31 31 31 31 31 31 31 31 31 31 31 31 31 31 31 31 31 31 31 31 31 31 31 31 31 31 31 31 31 31 31 31 31 31 31 31 31 
31 31 31 31 31 31 31 31 31 31 31 31 31 31 31 31 31 31 31 31 31 31 31 31 31 31 31 31 31 31 31 31 31 31 31 31 31 31 31 31 31 31 31 31 31 31 31 31 31 31 31 31 31 31 31 31 31 31 31 31 31 31 31 31 31 31 31 31 31 31 31 31 31 31 31 31 31 31 31 31 31 31 31 31 
31 31 31 31 31 31 31 31 31 31 31 31 31 31 31 31 31 31 31 31 31 31 31 31 31 31 31 31 31 31 31 31 31 31 31 31 31 31 31 31 31 31 31 31 31 31 31 31 31 31 31 31 31 31 31 31 31 31 31 31 31 31 31 31 31 31 31 31 31 31 31 31 31 31 31 31 31 31 31 31 31 31 31 31 
31 31 31 31 31 31 31 31 31 31 31 31 31 31 31 31 31 31 31 31 31 31 31 31 31 31 31 31 31 31 31 31 31 31 31 31 31 31 31 31 31 31 31 31 31 31 31 31 31 31 31 31 31 31 31 31 31 31 31 31 31 31 31 31 31 31 31 31 31 31 31 31 31 31 31 31 31 31 31 31 31 31 31 31 
31 31 31 31 31 31 31 31 31 31 31 31 31 31 31 31 31 31 31 31 31 31 31 31 31 31 31 31 31 31 31 31 31 31 31 31 31 31 31 31 31 31 31 31 31 31 31 31 31 31 31 31 31 31 31 31 31 31 31 31 31 31 31 31 31 31 31 31 31 31 31 31 31 31 31 31 31 31 31 31 31 31 31 31 

31 31 31 31 31 31 31 31 31 31 31 31 31 31 31 31 31 31 31 31 31 31 31 31 31 31 31 31 31 31 31 31 31 31 31 31 31 31 31 31 31 31 31 31 31 31 31 31 31 31 31 31 31 31 31 31 31 31 31 31 31 31 31 31 31 31 31 31 31 31 31 31 31 31 31 31 31 31 31 31 31 31 31 31 31 
31 31 31 31 31 31 31 31 31 31 31 31 31 31 31 31 31 31 31 31 31 31 31 31 31 31 31 31 31 31 31 31 31 31 31 31 31 31 31 31 31 31 31 31 31 31 31 31 31 31 31 31 31 31 31 31 31 31 31 31 31 31 31 31 31 31 31 31 31 31 31 31 31 31 31 31 31 31 31 31 31 31 31 31 31 
31 31 31 31 31 31 31 31 31 31 31 31 31 31 31 31 31 31 31 31 31 31 31 31 31 31 31 31 31 31 31 31 31 31 31 31 31 31 31 31 31 31 31 31 31 31 31 31 31 31 31 31 31 31 31 31 31 31 31 31 31 31 31 31 31 31 31 31 31 31 31 31 31 31 31 31 31 31 31 31 31 31 31 31 31 
31 31 31 31 31 31 31 31 31 31 31 31 31 31 31 31 31 31 31 31 31 31 31 31 31 31 31 31 31 31 31 31 31 31 31 31 31 31 31 31 31 31 31 31 31 31 31 31 31 31 31 31 31 31 31 31 31 31 31 31 31 31 31 31 31 31 31 31 31 31 31 31 31 31 31 31 31 31 31 31 31 31 31 31 31 
31 31 31 31 31 31 31 31 31 31 31 31 31 31 31 31 31 31 31 31 31 31 31 31 31 31 31 31 31 31 31 31 31 31 31 31 31 31 31 31 31 31 31 31 31 31 31 31 31 31 31 31 31 31 31 31 31 31 31 31 31 31 31 31 31 31 31 31 31 31 31 31 31 31 31 31 31 31 31 31 31 31 31 31 31 
31 31 31 31 31 31 31 31 31 31 31 31 31 31 31 31 31 31 31 31 31 31 31 31 31 31 31 31 31 31 31 31 31 31 31 31 31 31 31 31 31 31 31 31 31 31 31 31 31 31 31 31 31 31 31 31 31 31 31 31 31 31 31 31 31 31 31 31 31 31 31 31 31 31 31 31 31 31 31 31 31 31 31 31 31 
31 31 31 31 31 31 31 31 31 31 31 31 31 31 31 31 31 31 31 31 31 31 31 31 31 31 31 31 31 31 31 31 31 31 31 31 31 31 31 31 31 31 31 31 31 31 31 31 31 31 31 31 31 31 31 31 31 31 31 31 31 31 31 31 31 31 31 31 31 31 31 31 31 31 31 31 31 31 31 31 31 31 31 31 31 
31 31 31 31 31 31 31 31 31 31 31 31 31 31 31 31 31 31 31 31 31 31 31 31 31 31 31 31 31 31 31 31 31 31 31 31 31 31 31 31 31 31 31 31 31 31 31 31 31 31 31 31 31 31 31 31 31 31 31 31 31 31 31 31 31 31 31 31 31 31 31 31 31 31 31 31 31 31 31 31 31 31 31 31 31 
31 31 31 31 31 31 31 31 31 31 31 31 31 31 31 31 31 31 31 31 31 31 31 31 31 31 31 31 31 31 31 31 31 31 31 31 31 31 30 23 10 4 3 8 19 30 31 31 31 31 31 31 31 31 31 31 29 18 11 11 12 12 12 12 13 13 13 21 31 31 31 31 31 31 31 31 31 31 31 31 31 31 31 31 31 
31 31 31 31 31 31 31 31 31 31 31 31 31 31 31 31 31 31 31 31 31 31 31 31 31 31 31 31 31 31 31 31 31 31 31 31 31 28 14 0 0 0 0 0 0 9 27 31 31 31 31 31 31 31 31 31 22 1 0 0 1 1 0 0 1 1 0 5 22 31 31 31 31 31 31 31 31 31 31 31 31 31 31 31 31 
31 31 31 31 31 31 31 31 31 31 31 31 31 31 31 31 31 31 31 31 31 31 31 31 31 31 31 31 31 31 31 31 31 31 31 31 27 11 0 0 0 0 0 0 0 0 6 24 31 31 31 31 31 31 31 31 20 0 0 0 0 0 0 0 0 0 0 3 20 31 31 31 31 31 31 31 31 31 31 31 31 31 31 31 31 
31 31 31 31 31 31 31 31 31 31 31 31 31 31 31 31 31 31 31 31 31 31 31 31 31 31 31 31 31 31 31 31 31 31 31 24 9 0 0 0 0 0 0 0 0 0 0 4 21 31 31 31 31 31 31 31 21 0 0 0 0 0 0 0 0 0 0 2 19 31 31 31 31 31 31 31 31 31 31 31 31 31 31 31 31 
31 31 31 31 31 31 31 31 31 31 31 31 31 31 31 31 31 31 31 31 31 31 31 31 31 31 31 31 31 31 31 31 31 31 22 5 0 0 0 0 0 0 0 0 0 0 0 0 3 18 31 31 31 31 31 31 21 0 0 0 0 0 0 0 0 0 0 2 19 31 31 31 31 31 31 31 31 31 31 31 31 31 31 31 31 
31 31 31 31 31 31 31 31 31 31 31 31 31 31 31 31 31 31 31 31 31 31 31 31 31 31 31 31 31 31 31 31 30 19 3 0 0 0 0 0 0 0 0 0 0 0 0 0 0 2 14 30 31 31 31 31 21 0 0 0 0 0 0 0 0 0 0 2 19 31 31 31 31 31 31 31 31 31 31 31 31 31 31 31 31 
31 31 31 31 31 31 31 31 31 31 31 31 31 31 31 31 31 31 31 31 31 31 31 31 31 31 31 31 31 31 31 29 16 2 0 0 0 0 0 0 0 0 0 0 0 0 0 0 0 0 1 11 28 31 31 31 22 0 0 0 0 0 0 0 0 0 0 2 19 31 31 31 31 31 31 31 31 31 31 31 31 31 31 31 31 
31 31 31 31 31 31 31 31 31 31 31 31 31 31 31 31 31 31 31 31 31 31 31 31 31 31 31 31 31 31 28 12 0 0 0 0 0 0 0 0 0 0 0 0 0 0 0 0 0 0 0 1 8 26 31 31 22 0 0 0 0 0 0 0 0 0 0 2 19 31 31 31 31 31 31 31 31 31 31 31 31 31 31 31 31 
31 31 31 31 31 31 31 31 31 31 31 31 31 31 31 31 31 31 31 31 31 31 31 31 31 31 31 31 31 26 9 0 0 0 0 0 0 0 0 0 0 1 3 0 0 0 0 0 0 0 0 0 0 6 23 31 22 0 0 0 0 0 0 0 0 0 0 2 18 31 31 31 31 31 31 31 31 31 31 31 31 31 31 31 31 
31 31 31 31 31 31 31 31 31 31 31 31 31 31 31 31 31 31 31 31 31 31 31 31 31 31 31 31 23 6 0 0 0 0 0 0 0 0 0 0 1 14 21 7 0 0 0 0 0 0 0 0 0 0 3 21 24 1 0 0 0 0 0 0 0 0 0 2 18 31 31 31 31 31 31 31 31 31 31 31 31 31 31 31 31 
31 31 31 31 31 31 31 31 31 31 31 31 31 31 31 31 31 31 31 31 31 31 31 31 31 31 31 21 3 0 0 0 0 0 0 0 0 0 0 3 17 31 31 26 9 0 0 0 0 0 0 0 0 0 0 2 10 1 0 0 0 0 0 0 0 0 0 2 18 31 31 31 31 31 31 31 31 31 31 31 31 31 31 31 31 
31 31 31 31 31 31 31 31 31 31 31 31 31 31 31 31 31 31 31 31 31 31 31 31 31 30 18 1 0 0 0 0 0 0 0 0 0 0 4 21 31 31 30 31 28 12 0 0 0 0 0 0 0 0 0 0 0 0 0 0 0 0 0 0 0 0 0 2 17 31 31 31 31 31 31 31 31 31 31 31 31 31 31 31 31 
31 31 31 31 31 31 31 31 31 31 31 31 31 31 31 31 31 31 31 31 31 31 31 31 29 14 0 0 0 0 0 0 0 0 0 0 0 7 24 31 30 19 9 24 31 29 16 1 0 0 0 0 0 0 0 0 0 0 0 0 0 0 0 0 0 0 0 2 17 31 31 31 31 31 31 31 31 31 31 31 31 31 31 31 31 
31 31 31 31 31 31 31 31 31 31 31 31 31 31 31 31 31 31 31 31 31 31 31 29 9 0 0 0 0 0 0 0 0 0 0 0 9 27 31 30 15 2 0 6 21 31 30 19 2 0 0 0 0 0 0 0 0 0 0 0 0 0 0 0 0 0 0 1 17 31 31 31 31 31 31 31 31 31 31 31 31 31 31 31 31 
31 31 31 31 31 31 31 31 31 31 31 31 31 31 31 31 31 31 31 31 31 31 25 7 0 0 0 0 0 0 0 0 0 0 1 12 28 31 29 12 1 0 0 0 3 18 31 31 22 5 0 0 0 0 0 0 0 0 0 0 0 0 0 0 0 0 0 1 17 31 31 31 31 31 31 31 31 31 31 31 31 31 31 31 31 
31 31 31 31 31 31 31 31 31 31 31 31 31 31 31 31 31 31 31 31 31 23 3 0 0 0 0 0 0 0 0 0 0 2 16 30 31 27 8 0 0 0 0 0 0 2 14 31 31 24 7 0 0 0 0 0 0 0 0 0 0 0 0 0 0 0 0 1 16 31 31 31 31 31 31 31 31 31 31 31 31 31 31 31 31 
31 31 31 31 31 31 31 31 31 31 31 31 31 31 31 31 31 31 31 30 19 1 0 0 0 0 0 0 0 0 0 0 3 20 31 31 23 5 0 0 0 0 0 0 0 0 1 10 29 31 26 11 0 0 0 0 0 0 0 0 0 0 0 0 0 0 0 1 16 31 31 31 31 31 31 31 31 31 31 31 31 31 31 31 31 
31 31 31 31 31 31 31 31 31 31 31 31 31 31 31 31 31 31 29 16 0 0 0 0 0 0 0 0 0 0 0 5 23 31 31 20 2 0 0 0 0 0 0 0 0 0 0 0 9 26 31 28 14 0 0 0 0 0 0 0 0 0 0 0 0 0 0 1 16 31 31 31 31 31 31 31 31 31 31 31 31 31 31 31 31 
31 31 31 31 31 31 31 31 31 31 31 31 31 31 31 31 31 27 12 0 0 0 0 0 0 0 0 0 0 0 7 26 31 29 16 0 0 0 0 0 0 0 0 0 0 0 0 0 0 5 22 31 29 18 0 0 0 0 0 0 0 0 0 0 0 0 0 1 15 31 31 31 31 31 31 31 31 31 31 31 31 31 31 31 31 
31 31 31 31 31 31 31 31 31 31 31 31 31 31 31 31 25 9 0 0 0 0 0 0 0 0 0 0 1 11 29 31 28 12 0 0 0 0 0 0 0 0 0 0 0 0 0 0 0 0 2 19 31 30 22 3 0 0 0 0 0 0 0 0 0 0 0 1 16 31 31 31 31 31 31 31 31 31 31 31 31 31 31 31 31 
31 31 31 31 31 31 31 31 31 31 31 31 31 31 31 23 5 0 0 0 0 0 0 0 0 0 0 3 14 31 31 25 8 0 0 0 0 0 0 0 0 0 0 0 0 0 0 0 0 0 0 1 15 31 31 24 4 0 0 0 0 0 0 0 0 0 0 1 14 31 31 31 31 31 31 31 31 31 31 31 31 31 31 31 31 
31 31 31 31 31 31 31 31 31 31 31 31 31 31 20 4 0 0 0 0 0 0 0 0 0 0 4 18 31 31 22 5 0 0 0 0 0 0 0 0 0 0 0 0 0 0 0 0 0 0 0 0 1 11 29 31 27 8 0 0 0 0 0 0 0 0 0 0 2 15 31 31 31 31 31 31 31 31 31 31 31 31 31 31 31 
31 31 31 31 31 31 31 31 31 31 31 31 30 17 2 0 0 0 0 0 0 0 0 0 0 6 21 31 30 20 2 0 0 0 0 0 0 0 0 0 0 0 0 0 0 0 0 0 0 0 0 0 0 1 7 27 31 30 12 0 0 0 0 0 0 0 0 0 0 1 12 30 31 31 31 31 31 31 31 31 31 31 31 31 31 
31 31 31 31 31 31 31 31 31 31 31 29 13 0 0 0 0 0 0 0 0 0 0 1 8 24 31 29 16 0 0 0 0 0 0 0 0 0 0 0 0 0 0 0 0 0 0 0 0 0 0 0 0 0 0 4 24 31 31 16 0 0 0 0 0 0 0 0 0 0 1 8 28 31 31 31 31 31 31 31 31 31 31 31 31 
31 31 31 31 31 31 31 31 31 31 27 10 0 0 0 0 0 0 0 0 0 0 0 10 27 31 28 12 0 0 0 0 0 0 0 0 0 0 0 0 0 0 0 0 0 0 0 0 0 0 0 0 0 0 0 0 2 20 31 31 20 1 0 0 0 0 0 0 0 0 0 0 5 25 31 31 31 31 31 31 31 31 31 31 31 
31 31 31 31 31 31 31 31 31 25 6 0 0 0 0 0 0 0 0 0 0 0 13 29 31 25 9 0 0 0 0 0 0 0 0 0 0 0 0 0 0 0 0 0 0 0 0 0 0 0 0 0 0 0 0 0 0 0 17 30 31 24 4 0 0 0 0 0 0 0 0 0 0 2 22 31 31 31 31 31 31 31 31 31 31 
31 31 31 31 31 31 31 31 21 4 0 0 0 0 0 0 0 0 0 0 2 17 30 31 22 6 0 0 0 0 0 0 0 0 0 0 0 0 0 0 0 0 0 0 0 0 0 0 0 0 0 0 0 0 0 0 0 0 0 13 29 31 27 6 0 0 0 0 0 0 0 0 0 0 1 18 31 31 31 31 31 31 31 31 31 
31 31 31 31 31 31 31 18 3 0 0 0 0 0 0 0 0 0 0 4 20 31 31 19 4 0 0 0 0 0 0 0 0 0 0 0 0 0 0 0 0 0 0 0 0 0 0 0 0 0 0 0 0 0 0 0 0 0 0 0 9 27 31 29 10 0 0 0 0 0 0 0 0 0 0 0 14 30 31 31 31 31 31 31 31 
31 31 31 31 31 31 15 2 0 0 0 0 0 0 0 0 0 0 5 23 31 31 15 2 0 0 0 0 0 0 0 0 0 0 0 0 0 0 0 0 0 0 0 0 0 0 0 0 0 0 0 0 0 0 0 0 0 0 0 0 0 5 23 31 31 13 2 0 0 0 0 0 0 0 0 0 0 10 28 31 31 31 31 31 31 
31 31 31 31 31 31 2 0 0 0 0 0 0 0 0 0 0 9 25 31 30 11 1 0 0 0 0 0 0 0 0 0 0 0 0 0 0 0 0 0 0 0 0 0 0 0 0 0 0 0 0 0 0 0 0 0 0 0 0 0 0 0 2 20 30 31 17 3 0 0 0 0 0 0 0 0 0 0 8 31 31 31 31 31 31 
31 31 31 31 31 31 2 0 0 0 0 0 0 0 0 0 12 28 31 27 9 1 0 0 0 0 0 0 0 0 0 0 0 0 0 0 0 0 0 0 0 0 0 0 0 0 0 0 0 0 0 0 0 0 0 0 0 0 0 0 0 0 0 0 16 29 31 21 4 0 0 0 0 0 0 0 0 0 2 31 31 31 31 31 31 
31 31 31 31 31 31 14 0 0 0 0 0 0 0 0 15 30 31 24 6 1 0 0 0 0 0 0 0 0 0 0 0 0 0 0 0 0 0 0 0 0 0 0 0 0 0 0 0 0 0 0 0 0 0 0 0 0 0 0 0 0 0 0 0 0 13 28 31 24 7 0 0 0 0 0 0 0 0 2 31 31 31 31 31 31 
31 31 31 31 31 31 31 10 0 0 0 0 0 2 19 30 31 20 4 0 0 0 0 0 0 0 0 0 0 0 0 0 0 0 0 0 0 0 0 0 0 0 0 0 0 0 0 0 0 0 0 0 0 0 0 0 0 0 0 0 0 0 0 0 0 0 10 26 31 27 10 0 0 0 0 0 0 0 17 31 31 31 31 31 31 
31 31 31 31 31 31 31 29 6 0 0 0 3 23 31 31 19 2 0 0 0 0 0 0 0 0 0 0 0 0 0 0 0 0 0 0 0 0 0 0 0 0 0 0 0 0 0 0 0 0 0 0 0 0 0 0 0 0 0 0 0 0 0 0 0 0 0 6 24 31 29 13 2 0 0 0 0 12 31 31 31 31 31 31 31 
31 31 31 31 31 31 31 31 26 3 1 6 25 31 31 31 15 0 0 0 0 0 0 0 0 0 0 0 0 0 0 0 0 0 0 0 0 0 0 0 0 0 0 0 0 0 0 0 0 0 0 0 0 0 0 0 0 0 0 0 0 0 0 0 0 0 0 0 11 31 31 31 16 2 0 0 8 29 31 31 31 31 31 31 31 
31 31 31 31 31 31 31 31 31 27 20 29 31 31 31 31 15 1 0 0 0 0 0 0 0 0 0 0 0 0 0 0 0 0 0 0 0 0 0 0 0 0 0 0 0 0 0 0 0 0 0 0 0 0 0 0 0 0 0 0 0 0 0 0 0 0 0 0 9 30 31 31 31 19 7 7 26 31 31 31 31 31 31 31 31 
31 31 31 31 31 31 31 31 31 31 31 31 31 31 31 31 16 1 0 0 0 0 0 0 0 0 0 0 0 0 0 0 0 0 0 0 0 0 0 0 0 0 0 0 0 0 0 0 0 0 0 0 0 0 0 0 0 0 0 0 0 0 0 0 0 0 0 0 10 30 31 31 31 31 26 28 31 31 31 31 31 31 31 31 31 
31 31 31 31 31 31 31 31 31 31 31 31 31 31 31 31 16 1 0 0 0 0 0 0 0 0 0 0 0 0 0 0 0 0 0 0 0 0 0 0 0 0 0 0 0 0 0 0 0 0 0 0 0 0 0 0 0 0 0 0 0 0 0 0 0 0 0 0 10 30 31 31 31 31 31 31 31 31 31 31 31 31 31 31 31 
31 31 31 31 31 31 31 31 31 31 31 31 31 31 31 31 17 1 0 0 0 0 0 0 0 0 0 0 0 0 0 0 0 0 0 0 0 0 0 0 0 0 0 0 0 0 0 0 0 0 0 0 0 0 0 0 0 0 0 0 0 0 0 0 0 0 0 0 10 30 31 31 31 31 31 31 31 31 31 31 31 31 31 31 31 
31 31 31 31 31 31 31 31 31 31 31 31 31 31 31 31 17 1 0 0 0 0 0 0 0 0 0 0 0 0 0 0 0 0 0 0 0 0 0 0 0 0 0 0 0 0 0 0 0 0 0 0 0 0 0 0 0 0 0 0 0 0 0 0 0 0 0 0 9 30 31 31 31 31 31 31 31 31 31 31 31 31 31 31 31 
31 31 31 31 31 31 31 31 31 31 31 31 31 31 31 31 17 1 0 0 0 0 0 0 0 0 0 0 0 0 0 0 0 0 0 0 0 0 0 0 0 0 0 0 0 0 0 0 0 0 0 0 0 0 0 0 0 0 0 0 0 0 0 0 0 0 0 0 9 29 31 31 31 31 31 31 31 31 31 31 31 31 31 31 31 
31 31 31 31 31 31 31 31 31 31 31 31 31 31 31 31 17 1 0 0 0 0 0 0 0 0 0 0 0 0 0 0 0 0 0 0 1 1 2 1 1 2 2 1 1 1 1 1 0 0 0 0 0 0 0 0 0 0 0 0 0 0 0 0 0 0 0 0 9 29 31 31 31 31 31 31 31 31 31 31 31 31 31 31 31 
31 31 31 31 31 31 31 31 31 31 31 31 31 31 31 31 18 1 0 0 0 0 0 0 0 0 0 0 0 0 0 0 0 0 0 0 5 18 21 20 20 20 20 19 19 19 19 19 11 1 0 0 0 0 0 0 0 0 0 0 0 0 0 0 0 0 0 0 9 29 31 31 31 31 31 31 31 31 31 31 31 31 31 31 31 
31 31 31 31 31 31 31 31 31 31 31 31 31 31 31 31 18 2 0 0 0 0 0 0 0 0 0 0 0 0 0 0 0 0 0 0 7 26 31 31 31 31 31 31 31 31 31 31 18 2 0 0 0 0 0 0 0 0 0 0 0 0 0 0 0 0 0 0 8 29 31 31 31 31 31 31 31 31 31 31 31 31 31 31 31 
31 31 31 31 31 31 31 31 31 31 31 31 31 31 31 31 19 2 0 0 0 0 0 0 0 0 0 0 0 0 0 0 0 0 0 0 7 26 31 31 31 31 31 31 31 31 31 31 18 2 0 0 0 0 0 0 0 0 0 0 0 0 0 0 0 0 0 0 8 29 31 31 31 31 31 31 31 31 31 31 31 31 31 31 31 
31 31 31 31 31 31 31 31 31 31 31 31 31 31 31 31 19 2 0 0 0 0 0 0 0 0 0 0 0 0 0 0 0 0 0 0 7 26 31 31 31 31 31 31 31 31 31 31 18 2 0 0 0 0 0 0 0 0 0 0 0 0 0 0 0 0 0 0 8 28 31 31 31 31 31 31 31 31 31 31 31 31 31 31 31 
31 31 31 31 31 31 31 31 31 31 31 31 31 31 31 31 19 2 0 0 0 0 0 0 0 0 0 0 0 0 0 0 0 0 0 0 6 25 31 31 31 31 31 31 31 31 31 31 18 2 0 0 0 0 0 0 0 0 0 0 0 0 0 0 0 0 0 0 8 28 31 31 31 31 31 31 31 31 31 31 31 31 31 31 31 
31 31 31 31 31 31 31 31 31 31 31 31 31 31 31 31 19 2 0 0 0 0 0 0 0 0 0 0 0 0 0 0 0 0 0 0 6 25 31 31 31 31 31 31 31 31 31 31 18 2 0 0 0 0 0 0 0 0 0 0 0 0 0 0 0 0 0 0 7 28 31 31 31 31 31 31 31 31 31 31 31 31 31 31 31 
31 31 31 31 31 31 31 31 31 31 31 31 31 31 31 31 19 2 0 0 0 0 0 0 0 0 0 0 0 0 0 0 0 0 0 0 6 25 31 31 31 31 31 31 31 31 31 31 19 2 0 0 0 0 0 0 0 0 0 0 0 0 0 0 0 0 0 0 7 28 31 31 31 31 31 31 31 31 31 31 31 31 31 31 31 
31 31 31 31 31 31 31 31 31 31 31 31 31 31 31 31 20 2 0 0 0 0 0 0 0 0 0 0 0 0 0 0 0 0 0 0 6 25 31 31 31 31 31 31 31 31 31 31 19 2 0 0 0 0 0 0 0 0 0 0 0 0 0 0 0 0 0 0 7 27 31 31 31 31 31 31 31 31 31 31 31 31 31 31 31 
31 31 31 31 31 31 31 31 31 31 31 31 31 31 31 31 20 3 0 0 0 0 0 0 0 0 0 0 0 0 0 0 0 0 0 0 6 25 31 31 31 31 31 31 31 31 31 31 19 2 0 0 0 0 0 0 0 0 0 0 0 0 0 0 0 0 0 0 7 27 31 31 31 31 31 31 31 31 31 31 31 31 31 31 31 
31 31 31 31 31 31 31 31 31 31 31 31 31 31 31 31 20 3 0 0 0 0 0 0 0 0 0 0 0 0 0 0 0 0 0 0 6 24 31 31 31 31 31 31 31 31 31 31 19 2 0 0 0 0 0 0 0 0 0 0 0 0 0 0 0 0 0 0 7 27 31 31 31 31 31 31 31 31 31 31 31 31 31 31 31 
31 31 31 31 31 31 31 31 31 31 31 31 31 31 31 31 20 3 0 0 0 0 0 0 0 0 0 0 0 0 0 0 0 0 0 0 5 24 31 31 31 31 31 31 31 31 31 31 19 3 0 0 0 0 0 0 0 0 0 0 0 0 0 0 0 0 0 0 6 27 31 31 31 31 31 31 31 31 31 31 31 31 31 31 31 
31 31 31 31 31 31 31 31 31 31 31 31 31 31 31 31 21 3 0 0 0 0 0 0 0 0 0 0 0 0 0 0 0 0 0 0 5 24 31 31 31 31 31 31 31 31 31 31 20 3 0 0 0 0 0 0 0 0 0 0 0 0 0 0 0 0 0 0 6 27 31 31 31 31 31 31 31 31 31 31 31 31 31 31 31 
31 31 31 31 31 31 31 31 31 31 31 31 31 31 31 31 21 3 0 0 0 0 0 0 0 0 0 0 0 0 0 0 0 0 0 0 5 24 31 31 31 31 31 31 31 31 31 31 20 3 0 0 0 0 0 0 0 0 0 0 0 0 0 0 0 0 0 0 6 26 31 31 31 31 31 31 31 31 31 31 31 31 31 31 31 
31 31 31 31 31 31 31 31 31 31 31 31 31 31 31 31 21 3 0 0 0 0 0 0 0 0 0 0 0 0 0 0 0 0 0 0 5 23 31 31 31 31 31 31 31 31 31 31 20 3 0 0 0 0 0 0 0 0 0 0 0 0 0 0 0 0 0 0 6 26 31 31 31 31 31 31 31 31 31 31 31 31 31 31 31 
31 31 31 31 31 31 31 31 31 31 31 31 31 31 31 31 22 4 0 0 0 0 0 0 0 0 0 0 0 0 0 0 0 0 0 0 5 23 31 31 31 31 31 31 31 31 31 31 20 3 0 0 0 0 0 0 0 0 0 0 0 0 0 0 0 0 0 0 5 26 31 31 31 31 31 31 31 31 31 31 31 31 31 31 31 
31 31 31 31 31 31 31 31 31 31 31 31 31 31 31 31 25 6 0 0 0 0 0 0 0 0 0 0 0 0 0 0 0 0 0 0 5 23 31 31 31 31 31 31 31 31 31 31 20 3 0 0 0 0 0 0 0 0 0 0 0 0 0 0 0 0 0 0 6 26 31 31 31 31 31 31 31 31 31 31 31 31 31 31 31 
31 31 31 31 31 31 31 31 31 31 31 31 31 31 31 31 31 16 3 0 0 0 0 0 0 0 0 0 0 0 0 1 0 0 0 0 4 23 31 31 31 31 31 31 31 31 31 31 21 4 0 0 0 0 0 0 0 0 0 0 0 0 0 0 0 0 0 0 11 28 31 31 31 31 31 31 31 31 31 31 31 31 31 31 31 
31 31 31 31 31 31 31 31 31 31 31 31 31 31 31 31 31 30 19 11 10 9 9 9 8 8 8 8 7 7 7 7 6 6 6 3 8 24 31 31 31 31 31 31 31 31 31 31 22 4 0 2 1 1 1 1 1 0 0 0 0 0 0 0 0 0 0 9 25 31 31 31 31 31 31 31 31 31 31 31 31 31 31 31 31 
31 31 31 31 31 31 31 31 31 31 31 31 31 31 31 31 31 31 31 31 31 31 31 31 31 31 31 31 31 31 31 31 31 31 31 31 31 31 31 31 31 31 31 31 31 31 31 31 31 31 31 31 31 31 31 31 31 31 31 31 31 31 31 31 31 31 31 31 31 31 31 31 31 31 31 31 31 31 31 31 31 31 31 31 31 
31 31 31 31 31 31 31 31 31 31 31 31 31 31 31 31 31 31 31 31 31 31 31 31 31 31 31 31 31 31 31 31 31 31 31 31 31 31 31 31 31 31 31 31 31 31 31 31 31 31 31 31 31 31 31 31 31 31 31 31 31 31 31 31 31 31 31 31 31 31 31 31 31 31 31 31 31 31 31 31 31 31 31 31 31 
31 31 31 31 31 31 31 31 31 31 31 31 31 31 31 31 31 31 31 31 31 31 31 31 31 31 31 31 31 31 31 31 31 31 31 31 31 31 31 31 31 31 31 31 31 31 31 31 31 31 31 31 31 31 31 31 31 31 31 31 31 31 31 31 31 31 31 31 31 31 31 31 31 31 31 31 31 31 31 31 31 31 31 31 31 
31 31 31 31 31 31 31 31 31 31 31 31 31 31 31 31 31 31 31 31 31 31 31 31 31 31 31 31 31 31 31 31 31 31 31 31 31 31 31 31 31 31 31 31 31 31 31 31 31 31 31 31 31 31 31 31 31 31 31 31 31 31 31 31 31 31 31 31 31 31 31 31 31 31 31 31 31 31 31 31 31 31 31 31 31 
31 31 31 31 31 31 31 31 31 31 31 31 31 31 31 31 31 31 31 31 31 31 31 31 31 31 31 31 31 31 31 31 31 31 31 31 31 31 31 31 31 31 31 31 31 31 31 31 31 31 31 31 31 31 31 31 31 31 31 31 31 31 31 31 31 31 31 31 31 31 31 31 31 31 31 31 31 31 31 31 31 31 31 31 31 
31 31 31 31 31 31 31 31 31 31 31 31 31 31 31 31 31 31 31 31 31 31 31 31 31 31 31 31 31 31 31 31 31 31 31 31 31 31 31 31 31 31 31 31 31 31 31 31 31 31 31 31 31 31 31 31 31 31 31 31 31 31 31 31 31 31 31 31 31 31 31 31 31 31 31 31 31 31 31 31 31 31 31 31 31 
31 31 31 31 31 31 31 31 31 31 31 31 31 31 31 31 31 31 31 31 31 31 31 31 31 31 31 31 31 31 31 31 31 31 31 31 31 31 31 31 31 31 31 31 31 31 31 31 31 31 31 31 31 31 31 31 31 31 31 31 31 31 31 31 31 31 31 31 31 31 31 31 31 31 31 31 31 31 31 31 31 31 31 31 31 
