28 50

3 1 2 2 1 1 2 3 2 3 2 1 2 3 1 3 1 1 1 1 1 3 3 3 2 3 1 1 2 2 3 2 1 3 3 3 1 2 1 1 1 2 1 2 2 1 1 1 2 1 
1 3 2 2 3 3 2 3 3 1 1 2 1 1 1 3 1 1 1 1 2 3 2 3 1 1 3 3 1 1 3 2 1 3 3 2 1 1 3 1 1 3 3 1 3 1 1 1 2 2 
2 1 2 2 1 1 2 1 3 2 2 3 2 1 3 1 3 3 2 1 1 3 1 3 3 2 1 1 1 1 1 3 1 1 2 1 3 1 3 2 1 1 3 3 2 2 1 1 2 1 
2 1 1 1 1 1 2 3 3 1 3 3 2 3 3 3 1 2 2 3 3 1 2 3 1 1 3 3 1 1 2 1 3 1 2 1 3 3 1 1 1 3 2 3 2 3 2 1 1 1 
1 3 1 3 2 3 3 2 2 3 1 2 3 3 2 2 1 1 2 1 2 3 1 1 2 2 3 3 1 1 1 1 3 1 3 1 1 1 3 1 1 2 2 2 3 2 2 3 1 3 
1 2 2 3 1 1 3 2 2 2 3 1 2 3 1 3 1 3 2 2 3 3 2 3 1 2 1 2 1 3 1 1 2 2 3 1 1 1 3 3 1 1 2 1 2 2 3 2 2 1 
1 3 3 2 1 2 1 1 2 2 1 3 3 3 2 1 2 1 2 3 1 1 2 2 3 2 2 3 3 3 1 2 3 3 2 2 1 2 2 3 2 1 3 1 1 2 2 1 1 3 
3 2 2 2 2 3 3 3 2 1 3 3 3 1 3 2 1 3 2 1 1 3 3 3 3 2 3 2 2 2 3 3 3 1 1 2 1 3 2 2 1 3 1 2 3 2 3 1 1 2 
3 3 1 2 1 3 2 1 3 1 2 2 2 1 3 1 2 2 2 2 3 3 3 2 2 2 2 3 2 2 1 2 3 3 2 3 1 2 3 1 3 2 3 3 2 1 3 2 3 2 
3 3 2 2 3 1 2 1 2 1 3 3 1 2 1 3 3 1 2 1 1 2 1 2 3 1 3 3 3 3 2 2 3 3 1 3 1 3 2 3 3 2 1 3 3 3 1 3 1 3 
2 3 3 2 1 1 1 3 3 2 1 3 1 3 2 1 1 1 2 2 3 1 2 3 2 1 1 3 3 3 1 3 3 3 3 2 2 3 2 3 3 3 2 2 2 1 3 2 1 2 
1 3 1 3 3 1 1 1 3 1 3 2 2 2 2 1 1 2 2 2 3 3 3 1 2 3 1 3 2 2 1 2 2 3 1 2 1 3 3 2 1 3 3 3 3 1 1 3 3 2 
3 3 2 1 2 3 3 1 2 3 3 2 2 2 2 3 3 2 3 2 2 1 3 1 2 2 1 3 1 1 1 1 3 1 1 1 3 2 2 1 2 1 1 1 1 3 1 2 2 1 
2 3 3 3 1 2 1 1 3 1 1 3 1 2 2 1 3 2 2 3 1 3 3 1 3 2 2 3 2 1 3 2 3 1 2 3 3 1 1 1 3 3 3 1 2 3 3 2 3 3 
2 2 1 1 2 2 3 2 3 2 2 3 2 3 3 1 2 1 2 2 3 2 2 2 1 2 3 3 1 2 1 1 3 2 1 1 1 3 1 2 3 2 2 2 3 1 2 1 2 3 
3 2 2 2 3 2 1 2 1 1 2 3 1 2 3 2 1 2 3 3 2 2 1 3 3 1 3 1 2 2 1 3 2 3 2 2 2 2 1 2 3 1 2 3 1 3 3 2 1 1 
2 2 1 3 1 2 3 3 2 2 2 2 1 3 3 3 1 2 3 1 1 3 2 3 2 2 2 3 2 2 3 3 2 2 1 3 3 1 2 3 1 3 1 1 3 1 3 1 1 1 
3 1 3 3 1 2 2 1 3 1 2 2 3 1 3 1 2 3 3 1 2 1 2 3 1 3 3 3 1 1 3 3 3 1 2 1 2 2 1 1 3 3 3 2 1 2 1 2 3 2 
3 3 3 3 2 2 3 2 2 3 2 1 2 2 2 3 3 3 3 1 1 1 2 1 3 1 1 1 1 2 1 2 2 1 2 3 3 3 2 2 3 3 2 2 1 3 3 2 2 2 
2 2 2 2 2 2 3 1 3 1 1 1 3 2 1 2 3 3 1 2 2 2 3 2 1 3 2 3 3 3 3 3 2 1 3 1 2 2 1 3 1 2 1 3 2 1 2 1 3 1 
3 2 1 3 1 3 1 1 3 3 3 2 2 2 3 3 3 3 1 1 3 2 3 3 1 2 1 2 2 3 3 1 3 3 2 2 3 3 1 2 2 3 1 3 3 1 2 3 1 3 
2 3 1 2 3 1 1 2 2 2 2 1 1 2 1 2 3 1 3 1 1 2 2 2 2 3 1 1 1 2 3 1 2 3 3 1 3 3 1 3 1 1 3 2 2 2 2 3 1 2 
3 3 3 3 3 1 1 1 1 2 2 3 2 3 1 2 2 3 1 2 2 1 2 2 2 3 1 3 2 1 1 2 3 1 3 1 2 3 3 1 1 3 2 2 3 2 3 1 3 1 
3 2 3 1 3 1 2 2 2 1 1 3 2 3 1 1 1 2 2 2 1 3 2 3 3 3 2 1 3 2 1 1 1 2 1 3 2 1 1 1 1 1 1 3 3 1 3 3 2 1 
1 3 1 2 1 3 3 2 3 2 3 1 3 3 3 3 3 1 1 1 2 2 1 2 2 3 1 1 1 3 1 1 2 3 2 2 1 2 2 3 3 2 3 3 2 2 3 1 2 2 
2 2 2 1 2 2 3 1 1 3 2 3 3 1 1 3 2 1 2 1 3 1 3 2 1 1 3 1 1 3 2 2 3 2 3 1 1 2 3 2 3 1 1 3 1 2 2 2 1 2 
3 3 1 3 1 1 1 1 2 2 2 2 2 3 1 1 2 1 3 2 1 3 1 2 1 3 1 1 3 2 2 2 1 3 2 2 3 2 3 1 3 2 3 2 2 2 3 3 1 2 
2 3 2 1 2 2 1 3 3 3 1 1 1 3 3 1 3 1 3 3 1 3 3 1 2 1 1 2 3 1 3 3 1 1 1 3 2 2 3 1 2 2 1 1 1 1 3 2 1 3 

31 24 20 15 25 15 32 22 23 26 25 18 28 27 22 19 31 26 27 25 26 28 21 23 21 23 31 20 29 31 16 30 26 29 32 21 27 19 29 21 16 18 15 16 23 28 19 19 22 21 
29 17 24 26 20 22 18 15 25 15 25 31 16 26 17 27 24 28 29 18 27 16 32 15 17 22 30 30 25 17 19 23 27 32 19 18 23 16 30 16 16 20 24 30 24 25 29 27 15 25 
25 20 28 16 28 27 16 24 20 26 19 20 27 23 24 15 29 18 22 32 29 17 17 21 27 24 30 16 28 18 20 31 17 19 29 24 23 16 15 26 16 23 31 22 15 15 29 21 28 23 
29 17 21 23 18 23 16 18 29 20 32 23 27 25 16 28 27 24 31 25 17 20 16 23 22 30 32 22 17 20 24 22 15 21 16 29 16 22 20 17 18 15 31 31 27 16 23 31 23 16 
31 24 18 31 19 31 25 29 32 23 21 29 29 28 21 23 32 22 16 16 24 21 27 28 19 18 23 30 17 27 26 32 16 21 29 29 26 30 27 29 22 15 21 19 28 18 20 19 16 18 
24 28 30 27 17 28 22 19 28 26 17 18 31 25 31 22 29 32 22 16 25 31 25 16 32 22 21 30 21 15 18 16 21 21 27 28 21 27 31 21 15 17 17 30 24 17 23 19 20 21 
16 28 23 24 19 19 19 23 18 25 21 29 23 27 28 32 18 21 19 30 24 32 18 26 28 24 23 25 26 27 26 18 24 17 16 26 28 23 23 23 18 32 22 28 24 32 22 22 18 28 
16 24 23 27 16 30 27 31 15 20 29 30 24 29 19 18 21 30 27 21 28 17 19 20 27 23 25 15 16 29 23 30 24 24 21 24 16 27 21 16 26 18 29 30 16 22 16 18 16 24 
24 20 23 32 25 27 23 29 27 31 30 18 24 20 25 21 26 17 30 29 31 24 32 24 22 30 22 31 20 15 28 30 31 24 17 30 32 32 24 27 21 31 19 28 24 32 23 19 16 16 
17 17 19 23 22 19 17 16 15 21 18 22 20 22 23 24 22 16 22 28 29 16 25 29 16 32 23 24 22 15 28 18 28 23 18 26 29 28 25 28 26 24 32 22 31 28 30 31 30 31 
18 25 21 20 32 17 20 17 21 27 24 26 27 32 32 16 25 24 31 20 31 18 20 19 16 24 18 30 24 21 15 19 30 28 15 23 26 19 31 27 21 19 26 24 29 25 28 24 18 18 
17 31 24 20 16 30 15 26 25 26 23 21 17 31 25 28 23 22 17 20 26 15 19 28 23 24 17 28 24 21 16 21 28 22 28 29 24 16 25 19 21 26 23 16 16 24 27 22 32 25 
25 27 20 20 25 25 31 31 30 16 23 28 24 23 27 20 20 25 29 17 27 16 21 19 20 18 31 21 15 17 31 24 26 30 23 28 22 28 23 22 31 29 16 20 16 31 20 29 31 20 
20 23 29 21 19 23 23 18 26 17 27 29 23 18 16 20 21 20 28 27 16 24 20 23 17 32 17 24 26 32 21 25 16 28 17 32 22 19 21 32 24 32 19 29 27 28 27 22 22 29 
27 28 19 23 20 29 23 19 15 32 22 24 15 20 16 29 32 15 21 30 30 26 22 31 15 28 31 30 31 23 18 22 15 29 24 22 30 17 27 15 24 32 24 30 32 19 24 27 31 20 
21 22 31 16 24 17 20 24 22 29 19 17 15 15 20 24 32 22 22 25 16 19 18 15 31 18 15 32 29 29 17 29 25 18 19 20 17 32 29 24 29 22 17 31 28 31 16 18 28 23 
27 23 17 24 23 21 24 23 15 17 18 24 19 23 15 15 25 20 20 15 21 15 20 18 16 20 21 17 30 26 25 26 22 29 16 29 29 15 16 28 16 23 19 28 19 30 16 31 31 23 
25 31 29 22 20 21 21 24 16 19 27 22 29 30 18 30 18 16 26 19 22 31 25 24 27 20 24 23 17 21 26 30 15 17 19 20 16 30 30 20 30 23 31 21 23 22 16 28 32 28 
22 21 26 16 27 16 15 27 19 25 20 31 27 15 23 24 28 27 19 16 24 32 31 20 19 16 18 25 28 20 32 22 16 17 31 20 18 18 16 29 30 24 32 31 31 23 16 26 29 24 
32 27 18 20 27 20 22 20 20 17 17 24 25 18 26 23 16 19 17 28 26 31 28 27 18 25 29 27 17 24 22 30 17 22 30 18 25 25 29 28 17 23 32 15 18 26 31 27 20 21 
17 30 22 18 21 29 23 29 31 24 24 25 32 23 27 28 15 18 16 22 19 26 19 22 25 23 22 32 26 15 15 15 15 18 25 21 29 28 20 27 26 22 32 27 26 32 15 32 25 16 
26 26 18 24 27 30 25 30 20 26 31 23 30 22 16 24 23 19 24 25 31 17 15 30 32 19 29 26 21 23 16 28 28 24 19 20 30 20 24 32 18 16 27 20 20 15 30 29 20 30 
21 21 15 23 30 15 15 18 20 24 18 15 24 24 19 31 25 17 24 25 16 16 29 23 31 16 15 31 30 21 27 21 31 29 15 32 20 30 28 28 25 17 31 15 29 27 26 31 20 23 
26 24 31 15 22 21 32 24 19 17 29 16 30 25 29 22 22 24 30 30 27 18 31 31 26 24 21 25 17 29 29 31 21 26 30 30 31 29 30 23 20 31 27 15 31 26 20 18 32 18 
15 25 16 30 31 17 32 25 24 19 27 28 17 18 22 19 30 18 19 32 30 25 22 32 15 15 21 17 29 16 18 15 19 18 32 30 17 18 21 16 26 24 31 21 31 20 31 18 22 29 
31 28 25 21 19 17 32 29 31 27 18 29 27 29 25 24 17 16 30 24 15 26 24 26 15 15 31 16 15 18 17 28 30 22 27 22 32 32 27 18 32 17 26 18 23 23 20 25 28 30 
17 18 32 18 30 24 24 18 20 31 15 25 24 16 17 31 24 23 31 20 19 27 21 26 19 15 29 32 20 28 31 15 31 25 24 24 19 17 27 25 15 20 18 30 17 15 16 29 23 24 
25 30 16 30 18 28 16 21 30 30 19 26 24 29 25 16 26 31 28 31 19 19 27 32 25 28 32 26 20 25 18 16 29 27 29 28 26 24 31 21 15 20 30 18 28 16 21 18 18 24 

5 4 5 5 3 3 4 23 16 14 3 5 22 4 3 3 5 11 12 21 18 3 12 13 15 3 4 4 27 4 4 4 3 24 4 3 3 3 4 3 12 27 18 4 5 4 21 21 13 
5 4 23 5 13 4 14 5 4 4 3 3 5 4 5 5 18 17 3 5 3 3 4 10 5 5 21 5 5 29 3 5 4 5 25 5 5 5 5 21 5 11 5 3 11 18 14 3 4 
3 5 5 3 16 4 5 5 4 3 25 5 3 17 3 3 5 5 3 10 3 29 4 5 11 4 3 5 3 23 3 5 14 5 3 13 3 14 5 4 5 3 4 4 22 5 4 5 4 
3 22 26 5 5 3 18 3 5 3 4 3 29 4 5 24 16 5 5 3 3 4 5 24 4 18 5 5 25 3 27 4 4 4 4 4 5 17 15 20 3 3 27 4 3 4 5 4 3 
5 4 4 5 5 3 3 20 5 21 4 16 18 3 13 4 5 3 29 5 15 3 10 5 19 4 4 4 4 20 4 4 4 5 11 13 15 4 12 3 4 4 19 3 4 17 24 3 10 
5 13 11 4 5 4 26 3 17 5 10 4 3 4 4 5 5 4 3 3 4 5 3 5 5 18 5 5 5 5 18 5 19 4 18 5 4 5 5 5 15 23 3 4 4 4 5 11 16 
5 4 14 5 18 28 25 4 4 4 5 5 20 17 3 4 21 28 4 3 3 4 5 23 4 23 23 20 22 22 4 4 3 13 5 13 4 13 21 3 4 4 3 23 5 4 29 17 3 
5 27 11 3 3 24 17 3 5 5 21 5 4 4 12 23 5 12 4 3 3 12 22 4 4 14 4 26 5 4 5 5 18 25 12 4 3 3 3 4 4 3 20 3 4 3 27 21 5 
23 3 4 5 21 3 3 29 5 21 3 5 4 4 4 5 4 5 25 20 3 5 3 10 3 3 5 5 4 4 16 13 4 5 5 17 13 5 3 4 5 5 5 5 3 3 4 17 27 
13 10 27 18 3 11 17 11 5 3 12 14 16 11 11 14 4 3 5 23 3 4 5 4 4 4 23 26 5 4 5 5 3 3 4 4 27 21 12 13 21 5 4 4 23 24 18 22 23 
5 15 16 4 3 26 3 12 5 22 11 11 5 29 3 5 17 5 4 5 5 28 13 18 3 3 5 3 25 5 4 4 14 5 4 28 5 3 5 3 24 3 28 5 4 3 5 5 28 
4 5 4 15 5 3 3 26 23 4 10 10 4 4 21 4 20 4 13 5 3 13 4 4 18 3 3 3 17 3 4 5 3 4 27 5 5 4 5 12 5 14 5 13 4 12 3 5 5 
25 4 18 4 26 5 14 15 4 4 5 24 11 21 3 27 4 3 3 5 5 3 15 10 19 3 3 5 24 4 5 20 5 5 4 5 4 3 20 5 27 4 21 14 5 5 5 16 4 
19 3 4 10 5 13 5 5 4 4 23 5 3 28 4 17 14 4 24 3 4 16 3 4 3 4 4 25 3 3 3 3 5 5 3 4 5 25 4 3 5 5 3 12 18 19 3 13 4 
29 5 14 26 3 5 3 5 5 3 28 5 3 15 3 23 5 4 3 18 3 16 4 4 4 25 22 24 5 5 20 3 5 3 27 5 5 5 3 5 5 5 3 16 4 3 12 4 4 
14 5 5 3 4 26 3 14 3 3 16 17 15 4 4 4 4 20 25 5 26 14 3 5 3 4 5 10 21 4 4 3 3 23 16 20 4 23 5 5 4 4 5 4 3 3 27 5 5 
12 4 5 23 27 25 25 3 14 20 3 4 4 5 29 3 4 28 4 4 5 5 25 22 23 17 4 4 22 16 14 4 4 3 5 21 3 17 3 3 4 3 5 3 4 4 5 20 4 
4 24 4 28 17 26 26 4 5 3 5 5 13 3 5 5 11 3 3 28 3 4 23 4 4 22 29 5 17 3 17 5 21 13 12 5 5 15 3 4 5 5 4 10 22 4 4 3 4 
27 4 4 5 5 23 5 5 3 4 3 5 3 5 25 17 26 5 3 4 4 25 4 22 5 16 3 10 3 4 5 3 18 3 3 11 13 29 4 29 3 3 10 16 4 5 4 15 4 
3 5 19 4 3 10 10 16 5 20 5 16 4 5 19 4 14 12 3 10 4 27 12 3 4 5 18 3 3 24 5 3 3 5 3 3 17 5 24 5 3 3 3 17 3 3 3 5 22 
5 5 4 4 4 5 5 28 3 18 22 5 4 3 19 5 21 19 5 3 5 5 14 5 24 20 3 5 5 24 12 28 20 3 21 3 14 5 4 17 5 5 3 16 4 4 5 5 3 
16 4 3 17 4 4 5 5 3 5 5 3 3 5 3 25 3 3 18 5 3 11 5 18 4 4 22 3 12 3 3 17 3 3 14 4 3 4 3 5 20 3 5 20 5 4 13 4 3 
22 5 5 4 4 20 27 29 3 3 11 3 23 3 4 4 5 4 29 5 16 3 3 3 5 14 5 16 5 3 5 3 29 3 4 5 4 22 12 29 3 5 4 4 14 17 3 4 3 
29 3 4 4 12 5 3 4 16 3 4 4 3 4 3 19 26 4 16 16 3 5 10 4 17 14 3 4 5 29 15 3 4 3 17 27 20 17 5 26 5 12 3 3 5 4 18 4 3 
4 3 4 14 4 4 3 11 5 3 25 4 29 26 19 3 3 25 5 15 5 16 4 3 15 5 17 4 4 12 27 5 11 4 15 4 20 27 4 3 26 5 3 3 4 4 3 5 5 
26 11 5 24 16 5 3 13 5 3 3 13 15 21 22 3 18 4 3 5 3 23 21 3 14 5 5 15 4 28 5 27 3 3 5 5 24 4 3 4 4 5 5 4 19 18 3 27 15 
16 3 3 3 3 16 4 20 3 3 3 28 5 10 3 3 12 4 5 19 5 3 5 4 5 3 17 5 3 27 5 3 4 11 21 4 11 5 23 4 4 21 4 3 12 12 5 5 13 
3 4 3 3 4 3 4 4 28 5 3 24 4 26 4 5 3 3 11 3 14 5 4 3 23 22 3 5 4 3 21 4 23 29 22 14 24 3 3 4 3 5 4 5 4 4 17 18 4 

25 3 11 5 5 3 5 4 16 4 28 3 3 25 4 3 5 14 23 5 10 4 5 4 4 19 29 3 3 4 13 5 27 15 4 13 29 15 22 5 19 28 4 3 12 23 5 3 4 4 
3 3 23 3 3 3 13 5 4 3 3 3 4 23 4 4 4 5 3 3 12 17 5 4 3 20 25 4 11 18 28 4 5 5 5 4 14 27 5 4 26 5 3 3 5 3 17 3 4 29 
10 11 4 4 5 28 19 5 3 4 4 23 27 23 5 5 17 3 4 5 3 5 22 19 5 4 18 3 5 17 4 4 13 20 5 3 4 5 4 3 26 4 18 3 4 18 3 4 3 3 
27 5 17 5 21 4 4 5 22 4 3 4 25 25 4 4 5 14 4 3 4 29 3 3 15 3 5 5 26 3 19 4 28 11 4 18 5 4 3 5 14 29 3 4 23 21 20 3 3 27 
4 3 5 24 19 3 26 3 20 19 4 3 15 20 3 24 11 3 4 15 26 4 17 4 3 23 14 10 10 3 5 3 3 13 16 11 4 14 26 5 5 18 27 3 3 16 19 26 3 3 
3 15 3 16 11 4 3 3 3 11 4 3 3 20 16 4 3 4 17 5 23 27 5 5 3 25 11 4 4 4 4 19 25 4 5 26 3 4 3 21 29 4 3 17 25 3 20 16 10 4 
20 3 26 14 12 4 3 5 20 4 3 25 28 18 3 3 26 5 4 3 29 5 10 3 17 24 25 4 3 17 4 5 10 5 4 20 5 3 14 4 3 4 3 13 4 3 4 25 23 4 
5 5 12 4 5 22 4 27 5 4 27 3 27 3 4 13 4 4 28 5 3 4 5 5 4 3 18 5 25 5 5 27 4 26 3 4 3 5 15 3 5 3 5 25 5 3 3 10 13 3 
3 10 4 4 4 5 5 5 5 4 4 4 5 26 19 5 3 21 4 28 16 3 5 4 3 27 10 4 27 24 13 5 19 12 25 19 14 3 17 12 5 4 5 4 4 4 3 4 4 3 
10 4 22 24 5 11 12 28 5 4 4 24 5 5 5 4 4 5 3 3 26 15 5 4 25 5 4 4 21 3 3 13 14 4 4 17 14 4 3 20 4 4 3 13 20 5 19 3 3 5 
25 4 4 18 3 5 3 3 28 21 10 5 3 23 5 3 25 19 5 27 4 4 12 3 5 24 23 20 16 25 24 25 19 4 5 3 20 25 3 4 25 4 25 5 5 10 26 28 5 3 
3 12 3 25 5 4 4 4 4 5 10 4 4 3 28 3 3 11 3 11 11 14 13 3 24 5 4 3 5 4 5 27 28 4 5 10 11 3 20 26 4 4 4 5 24 4 3 5 12 3 
4 15 5 17 4 18 4 5 5 18 3 20 11 3 3 12 10 3 28 5 4 5 26 14 19 3 4 14 5 5 5 18 3 20 4 4 14 3 12 4 5 5 5 3 4 17 5 5 3 4 
4 3 4 13 22 5 18 28 4 5 4 4 3 21 21 4 4 3 3 19 4 27 19 5 11 18 4 3 3 4 3 22 21 20 4 3 4 15 4 5 26 29 3 22 5 4 11 5 3 3 
3 3 5 3 4 5 4 3 4 12 12 5 16 5 16 5 20 5 23 4 3 4 5 5 5 3 5 28 17 4 13 5 3 3 3 20 3 3 20 5 5 3 4 23 5 5 5 5 16 4 
4 18 3 3 16 28 3 19 3 4 26 3 13 3 4 3 5 14 25 3 5 5 18 13 4 15 3 4 13 19 3 28 18 5 12 5 5 5 4 5 5 29 27 5 4 14 17 5 17 27 
20 3 5 26 19 26 20 18 11 17 5 16 3 4 29 5 3 5 4 20 13 3 3 5 4 14 25 4 5 3 14 25 4 3 10 3 3 4 3 5 4 13 3 4 3 4 17 28 20 5 
20 3 29 5 4 3 3 25 22 5 5 3 10 4 3 5 3 3 5 14 26 20 5 4 4 4 5 11 4 17 3 3 29 28 4 20 29 4 3 5 17 13 19 5 3 26 29 16 21 21 
4 3 5 3 16 29 3 4 19 3 25 3 23 28 28 23 3 4 13 4 17 10 19 4 20 3 4 21 3 4 3 3 27 4 16 29 3 3 3 17 4 27 18 5 3 4 4 21 3 10 
5 17 5 12 3 4 16 4 5 3 4 18 3 5 21 3 22 25 17 4 5 3 3 4 5 23 4 5 4 4 4 5 22 5 4 26 5 21 4 20 4 25 18 3 5 5 3 3 4 5 
3 3 29 4 3 18 14 18 5 13 5 26 16 14 3 3 5 10 3 28 5 3 3 4 4 5 4 5 4 4 15 4 4 4 4 27 21 3 18 3 4 5 5 4 4 3 4 19 4 5 
3 3 5 16 18 3 4 4 21 11 5 3 5 14 17 4 28 13 21 17 5 22 4 4 25 17 3 4 3 14 5 3 22 3 16 3 5 5 4 4 3 15 4 4 4 5 5 17 21 5 
3 17 4 4 5 3 4 5 29 3 5 29 4 10 3 4 21 3 3 5 4 19 21 3 3 5 5 5 4 5 14 3 3 27 5 25 4 14 14 3 3 3 3 18 19 25 4 4 3 5 
3 21 4 3 5 4 17 18 3 19 11 5 5 5 3 3 4 5 3 26 11 5 5 17 4 4 26 3 5 5 3 5 23 4 20 27 3 4 5 5 3 4 3 5 15 5 5 18 4 4 
4 25 5 5 5 13 19 4 4 3 5 28 4 3 3 4 5 23 3 3 5 18 10 5 29 23 4 11 3 12 17 3 5 5 4 3 4 5 4 19 5 3 5 29 5 24 4 5 4 20 
4 4 5 3 4 5 3 3 4 3 18 5 26 5 5 5 5 4 17 4 4 10 4 22 19 26 10 4 4 4 5 5 29 11 14 12 5 4 29 3 3 18 4 3 5 5 4 3 3 5 
3 4 5 4 3 4 3 5 3 22 4 16 15 5 4 5 24 5 16 4 22 3 5 4 5 5 23 3 26 12 3 12 18 23 3 4 3 3 20 13 20 16 4 4 3 15 4 5 5 20 
